0.10000	0.08973	1.02325	10.2073
0.10051	0.09045	1.02345	10.2594
0.10101	0.09118	1.02366	10.3104
0.10152	0.09192	1.02386	10.3624
0.10202	0.09266	1.02407	10.4134
0.10253	0.09340	1.02428	10.4654
0.10303	0.09414	1.02448	10.5164
0.10354	0.09489	1.02469	10.5684
0.10404	0.09564	1.02490	10.6194
0.10455	0.09639	1.02512	10.6714
0.10505	0.09715	1.02533	10.7224
0.10556	0.09791	1.02554	10.7744
0.10606	0.09868	1.02576	10.8254
0.10657	0.09945	1.02598	10.8774
0.10707	0.10022	1.02620	10.9284
0.10758	0.10099	1.02641	10.9804
0.10808	0.10177	1.02664	11.0314
0.10859	0.10255	1.02686	11.0834
0.10909	0.10334	1.02708	11.1343
0.10960	0.10412	1.02730	11.1863
0.11010	0.10491	1.02753	11.2373
0.11061	0.10571	1.02776	11.2893
0.11111	0.10650	1.02798	11.3403
0.11162	0.10730	1.02821	11.3923
0.11212	0.10811	1.02844	11.4433
0.11263	0.10891	1.02868	11.4953
0.11313	0.10972	1.02891	11.5463
0.11364	0.11053	1.02914	11.5983
0.11414	0.11135	1.02938	11.6492
0.11465	0.11217	1.02961	11.7012
0.11515	0.11299	1.02985	11.7522
0.11566	0.11381	1.03009	11.8042
0.11616	0.11464	1.03033	11.8552
0.11667	0.11547	1.03057	11.9072
0.11717	0.11630	1.03081	11.9582
0.11768	0.11713	1.03105	12.0101
0.11818	0.11797	1.03130	12.0611
0.11869	0.11881	1.03154	12.1131
0.11919	0.11965	1.03179	12.1641
0.11970	0.12050	1.03204	12.2161
0.12020	0.12135	1.03229	12.2670
0.12071	0.12220	1.03254	12.3190
0.12121	0.12305	1.03279	12.3700
0.12172	0.12390	1.03304	12.4220
0.12222	0.12476	1.03329	12.4729
0.12273	0.12562	1.03354	12.5249
0.12323	0.12648	1.03380	12.5759
0.12374	0.12735	1.03406	12.6279
0.12424	0.12821	1.03431	12.6788
0.12475	0.12908	1.03457	12.7308
0.12525	0.12995	1.03483	12.7818
0.12576	0.13082	1.03509	12.8337
0.12626	0.13170	1.03535	12.8847
0.12677	0.13257	1.03561	12.9367
0.12727	0.13345	1.03587	12.9876
0.12778	0.13433	1.03614	13.0396
0.12828	0.13521	1.03640	13.0906
0.12879	0.13609	1.03667	13.1426
0.12929	0.13698	1.03693	13.1935
0.12980	0.13786	1.03720	13.2455
0.13030	0.13875	1.03747	13.2964
0.13081	0.13964	1.03774	13.3484
0.13131	0.14053	1.03801	13.3994
0.13182	0.14142	1.03828	13.4513
0.13232	0.14231	1.03855	13.5023
0.13283	0.14321	1.03882	13.5543
0.13333	0.14410	1.03910	13.6052
0.13384	0.14500	1.03937	13.6572
0.13434	0.14590	1.03964	13.7081
0.13485	0.14680	1.03992	13.7601
0.13535	0.14770	1.04020	13.8110
0.13586	0.14860	1.04047	13.8630
0.13636	0.14950	1.04075	13.9139
0.13687	0.15040	1.04103	13.9659
0.13737	0.15130	1.04131	14.0168
0.13788	0.15221	1.04159	14.0688
0.13838	0.15311	1.04187	14.1198
0.13889	0.15401	1.04215	14.1717
0.13939	0.15492	1.04243	14.2227
0.13990	0.15583	1.04271	14.2746
0.14040	0.15673	1.04299	14.3256
0.14091	0.15764	1.04328	14.3775
0.14141	0.15855	1.04356	14.4284
0.14192	0.15945	1.04384	14.4804
0.14242	0.16036	1.04413	14.5313
0.14293	0.16127	1.04441	14.5833
0.14343	0.16218	1.04470	14.6342
0.14394	0.16308	1.04499	14.6862
0.14444	0.16399	1.04527	14.7371
0.14495	0.16490	1.04556	14.7891
0.14545	0.16581	1.04585	14.8400
0.14596	0.16672	1.04614	14.8920
0.14646	0.16762	1.04643	14.9429
0.14697	0.16853	1.04671	14.9948
0.14747	0.16944	1.04700	15.0458
0.14798	0.17034	1.04729	15.0977
0.14848	0.17125	1.04758	15.1486
0.14899	0.17216	1.04787	15.2006
0.14949	0.17306	1.04816	15.2515
0.15000	0.17397	1.04846	15.3035
0.15051	0.17487	1.04875	15.3554
0.15101	0.17578	1.04904	15.4063
0.15152	0.17668	1.04933	15.4583
0.15202	0.17758	1.04962	15.5092
0.15253	0.17849	1.04992	15.5612
0.15303	0.17939	1.05021	15.6121
0.15354	0.18029	1.05050	15.6640
0.15404	0.18119	1.05080	15.7149
0.15455	0.18209	1.05109	15.7669
0.15505	0.18299	1.05138	15.8178
0.15556	0.18389	1.05168	15.8697
0.15606	0.18478	1.05197	15.9207
0.15657	0.18568	1.05227	15.9726
0.15707	0.18657	1.05256	16.0235
0.15758	0.18747	1.05285	16.0755
0.15808	0.18836	1.05315	16.1264
0.15859	0.18925	1.05344	16.1783
0.15909	0.19014	1.05374	16.2292
0.15960	0.19103	1.05403	16.2812
0.16010	0.19192	1.05433	16.3321
0.16061	0.19281	1.05462	16.3840
0.16111	0.19369	1.05492	16.4349
0.16162	0.19458	1.05522	16.4869
0.16212	0.19546	1.05551	16.5378
0.16263	0.19634	1.05581	16.5897
0.16313	0.19723	1.05610	16.6406
0.16364	0.19810	1.05640	16.6926
0.16414	0.19898	1.05669	16.7435
0.16465	0.19986	1.05699	16.7954
0.16515	0.20074	1.05728	16.8463
0.16566	0.20161	1.05758	16.8982
0.16616	0.20248	1.05788	16.9491
0.16667	0.20335	1.05817	17.0011
0.16717	0.20422	1.05847	17.0520
0.16768	0.20509	1.05876	17.1039
0.16818	0.20596	1.05906	17.1548
0.16869	0.20682	1.05935	17.2067
0.16919	0.20769	1.05965	17.2576
0.16970	0.20855	1.05995	17.3096
0.17020	0.20941	1.06024	17.3605
0.17071	0.21027	1.06054	17.4124
0.17121	0.21113	1.06083	17.4633
0.17172	0.21198	1.06113	17.5152
0.17222	0.21284	1.06142	17.5661
0.17273	0.21369	1.06172	17.6180
0.17323	0.21454	1.06201	17.6690
0.17374	0.21539	1.06231	17.7209
0.17424	0.21624	1.06260	17.7718
0.17475	0.21708	1.06290	17.8237
0.17525	0.21793	1.06319	17.8746
0.17576	0.21877	1.06349	17.9265
0.17626	0.21961	1.06378	17.9774
0.17677	0.22045	1.06407	18.0293
0.17727	0.22129	1.06437	18.0802
0.17778	0.22212	1.06466	18.1321
0.17828	0.22296	1.06496	18.1830
0.17879	0.22379	1.06525	18.2350
0.17929	0.22462	1.06554	18.2859
0.17980	0.22545	1.06584	18.3378
0.18030	0.22627	1.06613	18.3887
0.18081	0.22710	1.06642	18.4406
0.18131	0.22792	1.06671	18.4915
0.18182	0.22874	1.06701	18.5434
0.18232	0.22956	1.06730	18.5943
0.18283	0.23038	1.06759	18.6462
0.18333	0.23120	1.06788	18.6971
0.18384	0.23201	1.06818	18.7490
0.18434	0.23282	1.06847	18.7999
0.18485	0.23363	1.06876	18.8518
0.18535	0.23444	1.06905	18.9027
0.18586	0.23525	1.06934	18.9546
0.18636	0.23606	1.06963	19.0055
0.18687	0.23686	1.06992	19.0574
0.18737	0.23766	1.07021	19.1083
0.18788	0.23846	1.07050	19.1602
0.18838	0.23926	1.07079	19.2111
0.18889	0.24005	1.07108	19.2630
0.18939	0.24085	1.07137	19.3139
0.18990	0.24164	1.07166	19.3658
0.19040	0.24243	1.07195	19.4167
0.19091	0.24322	1.07224	19.4686
0.19141	0.24401	1.07253	19.5195
0.19192	0.24479	1.07282	19.5714
0.19242	0.24558	1.07311	19.6223
0.19293	0.24636	1.07339	19.6742
0.19343	0.24714	1.07368	19.7251
0.19394	0.24792	1.07397	19.7770
0.19444	0.24869	1.07426	19.8278
0.19495	0.24947	1.07455	19.8797
0.19545	0.25024	1.07483	19.9306
0.19596	0.25101	1.07512	19.9825
0.19646	0.25178	1.07541	20.0334
0.19697	0.25255	1.07569	20.0853
0.19747	0.25331	1.07598	20.1362
0.19798	0.25408	1.07626	20.1881
0.19848	0.25484	1.07655	20.2390
0.19899	0.25560	1.07683	20.2909
0.19949	0.25636	1.07712	20.3418
0.20000	0.25711	1.07740	20.3936
0.20051	0.25787	1.07769	20.4455
0.20101	0.25862	1.07797	20.4964
0.20152	0.25937	1.07826	20.5483
0.20202	0.26012	1.07854	20.5992
0.20253	0.26087	1.07883	20.6511
0.20303	0.26162	1.07911	20.7020
0.20354	0.26236	1.07939	20.7539
0.20404	0.26310	1.07967	20.8047
0.20455	0.26384	1.07996	20.8566
0.20505	0.26458	1.08024	20.9075
0.20556	0.26532	1.08052	20.9594
0.20606	0.26605	1.08080	21.0103
0.20657	0.26679	1.08109	21.0622
0.20707	0.26752	1.08137	21.1131
0.20758	0.26825	1.08165	21.1650
0.20808	0.26898	1.08193	21.2158
0.20859	0.26971	1.08221	21.2677
0.20909	0.27043	1.08249	21.3186
0.20960	0.27116	1.08277	21.3705
0.21010	0.27188	1.08305	21.4214
0.21061	0.27260	1.08333	21.4732
0.21111	0.27332	1.08361	21.5241
0.21162	0.27403	1.08389	21.5760
0.21212	0.27475	1.08417	21.6269
0.21263	0.27546	1.08445	21.6788
0.21313	0.27617	1.08473	21.7296
0.21364	0.27688	1.08500	21.7815
0.21414	0.27759	1.08528	21.8324
0.21465	0.27830	1.08556	21.8843
0.21515	0.27901	1.08584	21.9351
0.21566	0.27971	1.08612	21.9870
0.21616	0.28041	1.08639	22.0379
0.21667	0.28111	1.08667	22.0898
0.21717	0.28181	1.08695	22.1407
0.21768	0.28251	1.08722	22.1925
0.21818	0.28320	1.08750	22.2434
0.21869	0.28390	1.08778	22.2953
0.21919	0.28459	1.08805	22.3462
0.21970	0.28528	1.08833	22.3980
0.22020	0.28597	1.08860	22.4489
0.22071	0.28666	1.08888	22.5008
0.22121	0.28735	1.08915	22.5517
0.22172	0.28803	1.08943	22.6035
0.22222	0.28871	1.08970	22.6544
0.22273	0.28940	1.08997	22.7063
0.22323	0.29008	1.09025	22.7571
0.22374	0.29075	1.09052	22.8090
0.22424	0.29143	1.09080	22.8599
0.22475	0.29211	1.09107	22.9118
0.22525	0.29278	1.09134	22.9626
0.22576	0.29345	1.09161	23.0145
0.22626	0.29413	1.09189	23.0654
0.22677	0.29479	1.09216	23.1173
0.22727	0.29546	1.09243	23.1681
0.22778	0.29613	1.09270	23.2200
0.22828	0.29679	1.09298	23.2708
0.22879	0.29746	1.09325	23.3227
0.22929	0.29812	1.09352	23.3736
0.22980	0.29878	1.09379	23.4255
0.23030	0.29944	1.09406	23.4763
0.23081	0.30010	1.09433	23.5282
0.23131	0.30076	1.09460	23.5791
0.23182	0.30141	1.09487	23.6309
0.23232	0.30206	1.09514	23.6818
0.23283	0.30272	1.09541	23.7337
0.23333	0.30337	1.09568	23.7845
0.23384	0.30402	1.09595	23.8364
0.23434	0.30466	1.09622	23.8872
0.23485	0.30531	1.09649	23.9391
0.23535	0.30596	1.09676	23.9900
0.23586	0.30660	1.09702	24.0418
0.23636	0.30724	1.09729	24.0927
0.23687	0.30788	1.09756	24.1446
0.23737	0.30852	1.09783	24.1954
0.23788	0.30916	1.09810	24.2473
0.23838	0.30980	1.09836	24.2982
0.23889	0.31043	1.09863	24.3500
0.23939	0.31107	1.09890	24.4009
0.23990	0.31170	1.09916	24.4527
0.24040	0.31233	1.09943	24.5036
0.24091	0.31296	1.09970	24.5555
0.24141	0.31359	1.09996	24.6063
0.24192	0.31422	1.10023	24.6582
0.24242	0.31485	1.10049	24.7090
0.24293	0.31547	1.10076	24.7609
0.24343	0.31610	1.10103	24.8118
0.24394	0.31672	1.10129	24.8636
0.24444	0.31734	1.10156	24.9145
0.24495	0.31796	1.10182	24.9663
0.24545	0.31858	1.10209	25.0172
0.24596	0.31920	1.10235	25.0691
0.24646	0.31981	1.10261	25.1199
0.24697	0.32043	1.10288	25.1718
0.24747	0.32104	1.10314	25.2226
0.24798	0.32165	1.10341	25.2745
0.24848	0.32226	1.10367	25.3253
0.24899	0.32287	1.10393	25.3772
0.24949	0.32348	1.10420	25.4280
0.25000	0.32409	1.10446	25.4799
0.25051	0.32470	1.10472	25.5318
0.25101	0.32530	1.10498	25.5826
0.25152	0.32591	1.10525	25.6345
0.25202	0.32651	1.10551	25.6853
0.25253	0.32711	1.10577	25.7372
0.25303	0.32771	1.10603	25.7880
0.25354	0.32831	1.10630	25.8399
0.25404	0.32891	1.10656	25.8907
0.25455	0.32950	1.10682	25.9426
0.25505	0.33010	1.10708	25.9934
0.25556	0.33069	1.10734	26.0453
0.25606	0.33129	1.10760	26.0961
0.25657	0.33188	1.10786	26.1480
0.25707	0.33247	1.10812	26.1988
0.25758	0.33306	1.10838	26.2507
0.25808	0.33365	1.10864	26.3015
0.25859	0.33424	1.10890	26.3534
0.25909	0.33482	1.10916	26.4042
0.25960	0.33541	1.10942	26.4561
0.26010	0.33599	1.10968	26.5069
0.26061	0.33658	1.10994	26.5588
0.26111	0.33716	1.11020	26.6096
0.26162	0.33774	1.11046	26.6615
0.26212	0.33832	1.11072	26.7123
0.26263	0.33890	1.11098	26.7642
0.26313	0.33948	1.11124	26.8150
0.26364	0.34005	1.11150	26.8668
0.26414	0.34063	1.11175	26.9177
0.26465	0.34120	1.11201	26.9695
0.26515	0.34178	1.11227	27.0204
0.26566	0.34235	1.11253	27.0722
0.26616	0.34292	1.11279	27.1231
0.26667	0.34349	1.11304	27.1749
0.26717	0.34406	1.11330	27.2257
0.26768	0.34463	1.11356	27.2776
0.26818	0.34520	1.11382	27.3284
0.26869	0.34576	1.11407	27.3803
0.26919	0.34633	1.11433	27.4311
0.26970	0.34689	1.11459	27.4830
0.27020	0.34745	1.11484	27.5338
0.27071	0.34802	1.11510	27.5856
0.27121	0.34858	1.11536	27.6365
0.27172	0.34914	1.11561	27.6883
0.27222	0.34970	1.11587	27.7392
0.27273	0.35025	1.11613	27.7910
0.27323	0.35081	1.11638	27.8418
0.27374	0.35137	1.11664	27.8937
0.27424	0.35192	1.11689	27.9445
0.27475	0.35248	1.11715	27.9964
0.27525	0.35303	1.11740	28.0472
0.27576	0.35358	1.11766	28.0990
0.27626	0.35413	1.11791	28.1499
0.27677	0.35468	1.11817	28.2017
0.27727	0.35523	1.11842	28.2525
0.27778	0.35578	1.11868	28.3044
0.27828	0.35633	1.11893	28.3552
0.27879	0.35688	1.11919	28.4070
0.27929	0.35742	1.11944	28.4579
0.27980	0.35797	1.11970	28.5097
0.28030	0.35851	1.11995	28.5605
0.28081	0.35905	1.12020	28.6124
0.28131	0.35959	1.12046	28.6632
0.28182	0.36014	1.12071	28.7151
0.28232	0.36068	1.12097	28.7659
0.28283	0.36121	1.12122	28.8177
0.28333	0.36175	1.12147	28.8685
0.28384	0.36229	1.12173	28.9204
0.28434	0.36283	1.12198	28.9712
0.28485	0.36336	1.12223	29.0230
0.28535	0.36390	1.12249	29.0739
0.28586	0.36443	1.12274	29.1257
0.28636	0.36496	1.12299	29.1765
0.28687	0.36550	1.12324	29.2284
0.28737	0.36603	1.12350	29.2792
0.28788	0.36656	1.12375	29.3310
0.28838	0.36709	1.12400	29.3819
0.28889	0.36761	1.12425	29.4337
0.28939	0.36814	1.12451	29.4845
0.28990	0.36867	1.12476	29.5363
0.29040	0.36920	1.12501	29.5872
0.29091	0.36972	1.12526	29.6390
0.29141	0.37024	1.12551	29.6898
0.29192	0.37077	1.12577	29.7417
0.29242	0.37129	1.12602	29.7925
0.29293	0.37181	1.12627	29.8443
0.29343	0.37233	1.12652	29.8951
0.29394	0.37285	1.12677	29.9470
0.29444	0.37337	1.12702	29.9978
0.29495	0.37389	1.12727	30.0496
0.29545	0.37441	1.12752	30.1004
0.29596	0.37493	1.12778	30.1523
0.29646	0.37544	1.12803	30.2031
0.29697	0.37596	1.12828	30.2549
0.29747	0.37647	1.12853	30.3057
0.29798	0.37699	1.12878	30.3576
0.29848	0.37750	1.12903	30.4084
0.29899	0.37801	1.12928	30.4602
0.29949	0.37852	1.12953	30.5110
0.30000	0.37903	1.12978	30.5628
0.30000	0.37903	1.12978	30.5628
0.30051	0.37954	1.13003	30.6147
0.30101	0.38005	1.13028	30.6655
0.30152	0.38056	1.13053	30.7173
0.30202	0.38107	1.13078	30.7681
0.30253	0.38157	1.13103	30.8200
0.30303	0.38208	1.13128	30.8708
0.30354	0.38259	1.13153	30.9226
0.30404	0.38309	1.13178	30.9734
0.30455	0.38359	1.13203	31.0252
0.30505	0.38410	1.13228	31.0760
0.30556	0.38460	1.13253	31.1279
0.30606	0.38510	1.13278	31.1787
0.30657	0.38560	1.13303	31.2305
0.30707	0.38610	1.13328	31.2813
0.30758	0.38660	1.13353	31.3331
0.30808	0.38710	1.13377	31.3839
0.30859	0.38760	1.13402	31.4358
0.30909	0.38809	1.13427	31.4866
0.30960	0.38859	1.13452	31.5384
0.31010	0.38909	1.13477	31.5892
0.31061	0.38958	1.13502	31.6410
0.31111	0.39008	1.13527	31.6918
0.31162	0.39057	1.13552	31.7437
0.31212	0.39106	1.13576	31.7945
0.31263	0.39155	1.13601	31.8463
0.31313	0.39205	1.13626	31.8971
0.31364	0.39254	1.13651	31.9489
0.31414	0.39303	1.13676	31.9997
0.31465	0.39352	1.13701	32.0515
0.31515	0.39400	1.13726	32.1023
0.31566	0.39449	1.13750	32.1542
0.31616	0.39498	1.13775	32.2050
0.31667	0.39547	1.13800	32.2568
0.31717	0.39595	1.13825	32.3076
0.31768	0.39644	1.13850	32.3594
0.31818	0.39692	1.13874	32.4102
0.31869	0.39741	1.13899	32.4620
0.31919	0.39789	1.13924	32.5128
0.31970	0.39837	1.13949	32.5646
0.32020	0.39885	1.13974	32.6154
0.32071	0.39934	1.13998	32.6673
0.32121	0.39982	1.14023	32.7181
0.32172	0.40030	1.14048	32.7699
0.32222	0.40078	1.14073	32.8207
0.32273	0.40125	1.14097	32.8725
0.32323	0.40173	1.14122	32.9233
0.32374	0.40221	1.14147	32.9751
0.32424	0.40269	1.14171	33.0259
0.32475	0.40316	1.14196	33.0777
0.32525	0.40364	1.14221	33.1285
0.32576	0.40411	1.14246	33.1803
0.32626	0.40459	1.14270	33.2311
0.32677	0.40506	1.14295	33.2829
0.32727	0.40553	1.14320	33.3337
0.32778	0.40601	1.14345	33.3855
0.32828	0.40648	1.14369	33.4363
0.32879	0.40695	1.14394	33.4882
0.32929	0.40742	1.14419	33.5389
0.32980	0.40789	1.14443	33.5908
0.33030	0.40836	1.14468	33.6416
0.33081	0.40883	1.14493	33.6934
0.33131	0.40930	1.14517	33.7442
0.33182	0.40977	1.14542	33.7960
0.33232	0.41023	1.14567	33.8468
0.33283	0.41070	1.14592	33.8986
0.33333	0.41116	1.14616	33.9494
0.33384	0.41163	1.14641	34.0012
0.33434	0.41209	1.14666	34.0520
0.33485	0.41256	1.14690	34.1038
0.33535	0.41302	1.14715	34.1546
0.33586	0.41349	1.14740	34.2064
0.33636	0.41395	1.14764	34.2572
0.33687	0.41441	1.14789	34.3090
0.33737	0.41487	1.14814	34.3597
0.33788	0.41533	1.14838	34.4116
0.33838	0.41579	1.14863	34.4623
0.33889	0.41625	1.14887	34.5141
0.33939	0.41671	1.14912	34.5649
0.33990	0.41717	1.14937	34.6167
0.34040	0.41763	1.14961	34.6675
0.34091	0.41808	1.14986	34.7193
0.34141	0.41854	1.15011	34.7701
0.34192	0.41900	1.15035	34.8219
0.34242	0.41945	1.15060	34.8727
0.34293	0.41991	1.15085	34.9245
0.34343	0.42036	1.15109	34.9753
0.34394	0.42082	1.15134	35.0271
0.34444	0.42127	1.15159	35.0779
0.34495	0.42172	1.15183	35.1297
0.34545	0.42218	1.15208	35.1805
0.34596	0.42263	1.15232	35.2323
0.34646	0.42308	1.15257	35.2830
0.34697	0.42353	1.15282	35.3348
0.34747	0.42398	1.15306	35.3856
0.34798	0.42443	1.15331	35.4374
0.34848	0.42488	1.15356	35.4882
0.34899	0.42533	1.15380	35.5400
0.34949	0.42578	1.15405	35.5908
0.35000	0.42623	1.15430	35.6426
0.35051	0.42667	1.15454	35.6944
0.35101	0.42712	1.15479	35.7452
0.35152	0.42757	1.15503	35.7970
0.35202	0.42801	1.15528	35.8477
0.35253	0.42846	1.15553	35.8995
0.35303	0.42890	1.15577	35.9503
0.35354	0.42935	1.15602	36.0021
0.35404	0.42979	1.15627	36.0529
0.35455	0.43023	1.15651	36.1047
0.35505	0.43068	1.15676	36.1555
0.35556	0.43112	1.15700	36.2072
0.35606	0.43156	1.15725	36.2580
0.35657	0.43200	1.15750	36.3098
0.35707	0.43244	1.15774	36.3606
0.35758	0.43288	1.15799	36.4124
0.35808	0.43332	1.15824	36.4632
0.35859	0.43376	1.15848	36.5149
0.35909	0.43420	1.15873	36.5657
0.35960	0.43464	1.15898	36.6175
0.36010	0.43508	1.15922	36.6683
0.36061	0.43551	1.15947	36.7201
0.36111	0.43595	1.15971	36.7709
0.36162	0.43639	1.15996	36.8226
0.36212	0.43682	1.16021	36.8734
0.36263	0.43726	1.16045	36.9252
0.36313	0.43770	1.16070	36.9760
0.36364	0.43813	1.16095	37.0278
0.36414	0.43856	1.16119	37.0785
0.36465	0.43900	1.16144	37.1303
0.36515	0.43943	1.16169	37.1811
0.36566	0.43986	1.16193	37.2329
0.36616	0.44030	1.16218	37.2836
0.36667	0.44073	1.16243	37.3354
0.36717	0.44116	1.16267	37.3862
0.36768	0.44159	1.16292	37.4380
0.36818	0.44202	1.16317	37.4888
0.36869	0.44245	1.16341	37.5405
0.36919	0.44288	1.16366	37.5913
0.36970	0.44331	1.16391	37.6431
0.37020	0.44374	1.16415	37.6939
0.37071	0.44417	1.16440	37.7456
0.37121	0.44460	1.16465	37.7964
0.37172	0.44502	1.16489	37.8482
0.37222	0.44545	1.16514	37.8990
0.37273	0.44588	1.16539	37.9507
0.37323	0.44631	1.16564	38.0015
0.37374	0.44673	1.16588	38.0533
0.37424	0.44716	1.16613	38.1040
0.37475	0.44758	1.16638	38.1558
0.37525	0.44801	1.16662	38.2066
0.37576	0.44843	1.16687	38.2584
0.37626	0.44885	1.16712	38.3091
0.37677	0.44928	1.16737	38.3609
0.37727	0.44970	1.16761	38.4117
0.37778	0.45012	1.16786	38.4635
0.37828	0.45055	1.16811	38.5142
0.37879	0.45097	1.16835	38.5660
0.37929	0.45139	1.16860	38.6168
0.37980	0.45181	1.16885	38.6685
0.38030	0.45223	1.16910	38.7193
0.38081	0.45265	1.16934	38.7711
0.38131	0.45307	1.16959	38.8218
0.38182	0.45349	1.16984	38.8736
0.38232	0.45391	1.17009	38.9244
0.38283	0.45433	1.17033	38.9761
0.38333	0.45475	1.17058	39.0269
0.38384	0.45516	1.17083	39.0787
0.38434	0.45558	1.17108	39.1294
0.38485	0.45600	1.17133	39.1812
0.38535	0.45642	1.17157	39.2320
0.38586	0.45683	1.17182	39.2837
0.38636	0.45725	1.17207	39.3345
0.38687	0.45766	1.17232	39.3863
0.38737	0.45808	1.17257	39.4370
0.38788	0.45849	1.17281	39.4888
0.38838	0.45891	1.17306	39.5395
0.38889	0.45932	1.17331	39.5913
0.38939	0.45974	1.17356	39.6421
0.38990	0.46015	1.17381	39.6938
0.39040	0.46056	1.17405	39.7446
0.39091	0.46097	1.17430	39.7964
0.39141	0.46139	1.17455	39.8471
0.39192	0.46180	1.17480	39.8989
0.39242	0.46221	1.17505	39.9496
0.39293	0.46262	1.17530	40.0014
0.39343	0.46303	1.17555	40.0521
0.39394	0.46344	1.17579	40.1039
0.39444	0.46385	1.17604	40.1547
0.39495	0.46426	1.17629	40.2064
0.39545	0.46467	1.17654	40.2572
0.39596	0.46508	1.17679	40.3089
0.39646	0.46549	1.17704	40.3597
0.39697	0.46590	1.17729	40.4115
0.39747	0.46630	1.17754	40.4622
0.39798	0.46671	1.17779	40.5140
0.39848	0.46712	1.17804	40.5647
0.39899	0.46753	1.17829	40.6165
0.39949	0.46793	1.17854	40.6672
0.40000	0.46834	1.17878	40.7190
0.40051	0.46874	1.17903	40.7707
0.40101	0.46915	1.17928	40.8215
0.40152	0.46955	1.17953	40.8733
0.40202	0.46996	1.17978	40.9240
0.40253	0.47036	1.18003	40.9758
0.40303	0.47077	1.18028	41.0265
0.40354	0.47117	1.18053	41.0783
0.40404	0.47158	1.18078	41.1290
0.40455	0.47198	1.18103	41.1808
0.40505	0.47238	1.18128	41.2315
0.40556	0.47278	1.18153	41.2833
0.40606	0.47319	1.18178	41.3340
0.40657	0.47359	1.18203	41.3858
0.40707	0.47399	1.18228	41.4365
0.40758	0.47439	1.18254	41.4883
0.40808	0.47479	1.18279	41.5390
0.40859	0.47519	1.18304	41.5908
0.40909	0.47559	1.18329	41.6415
0.40960	0.47599	1.18354	41.6933
0.41010	0.47639	1.18379	41.7440
0.41061	0.47679	1.18404	41.7957
0.41111	0.47719	1.18429	41.8465
0.41162	0.47759	1.18454	41.8982
0.41212	0.47799	1.18479	41.9490
0.41263	0.47839	1.18505	42.0007
0.41313	0.47878	1.18530	42.0515
0.41364	0.47918	1.18555	42.1032
0.41414	0.47958	1.18580	42.1540
0.41465	0.47997	1.18605	42.2057
0.41515	0.48037	1.18630	42.2564
0.41566	0.48077	1.18656	42.3082
0.41616	0.48116	1.18681	42.3589
0.41667	0.48156	1.18706	42.4107
0.41717	0.48195	1.18731	42.4614
0.41768	0.48235	1.18756	42.5132
0.41818	0.48274	1.18782	42.5639
0.41869	0.48314	1.18807	42.6156
0.41919	0.48353	1.18832	42.6664
0.41970	0.48393	1.18857	42.7181
0.42020	0.48432	1.18883	42.7689
0.42071	0.48471	1.18908	42.8206
0.42121	0.48511	1.18933	42.8713
0.42172	0.48550	1.18958	42.9231
0.42222	0.48589	1.18984	42.9738
0.42273	0.48628	1.19009	43.0256
0.42323	0.48668	1.19034	43.0763
0.42374	0.48707	1.19060	43.1280
0.42424	0.48746	1.19085	43.1788
0.42475	0.48785	1.19110	43.2305
0.42525	0.48824	1.19136	43.2812
0.42576	0.48863	1.19161	43.3330
0.42626	0.48902	1.19186	43.3837
0.42677	0.48941	1.19212	43.4354
0.42727	0.48980	1.19237	43.4862
0.42778	0.49019	1.19263	43.5379
0.42828	0.49058	1.19288	43.5886
0.42879	0.49097	1.19314	43.6404
0.42929	0.49136	1.19339	43.6911
0.42980	0.49174	1.19364	43.7428
0.43030	0.49213	1.19390	43.7936
0.43081	0.49252	1.19415	43.8453
0.43131	0.49291	1.19441	43.8960
0.43182	0.49329	1.19466	43.9478
0.43232	0.49368	1.19492	43.9985
0.43283	0.49407	1.19517	44.0502
0.43333	0.49445	1.19543	44.1010
0.43384	0.49484	1.19568	44.1527
0.43434	0.49523	1.19594	44.2034
0.43485	0.49561	1.19620	44.2551
0.43535	0.49600	1.19645	44.3059
0.43586	0.49638	1.19671	44.3576
0.43636	0.49677	1.19696	44.4083
0.43687	0.49715	1.19722	44.4601
0.43737	0.49754	1.19748	44.5108
0.43788	0.49792	1.19773	44.5625
0.43838	0.49830	1.19799	44.6132
0.43889	0.49869	1.19824	44.6650
0.43939	0.49907	1.19850	44.7157
0.43990	0.49946	1.19876	44.7674
0.44040	0.49984	1.19902	44.8181
0.44091	0.50022	1.19927	44.8699
0.44141	0.50060	1.19953	44.9206
0.44192	0.50099	1.19979	44.9723
0.44242	0.50137	1.20004	45.0230
0.44293	0.50175	1.20030	45.0748
0.44343	0.50213	1.20056	45.1255
0.44394	0.50251	1.20082	45.1772
0.44444	0.50289	1.20107	45.2279
0.44495	0.50327	1.20133	45.2796
0.44545	0.50365	1.20159	45.3303
0.44596	0.50403	1.20185	45.3821
0.44646	0.50441	1.20211	45.4328
0.44697	0.50479	1.20237	45.4845
0.44747	0.50517	1.20262	45.5352
0.44798	0.50555	1.20288	45.5870
0.44848	0.50593	1.20314	45.6377
0.44899	0.50631	1.20340	45.6894
0.44949	0.50669	1.20366	45.7401
0.45000	0.50707	1.20392	45.7918
0.45051	0.50745	1.20418	45.8435
0.45101	0.50782	1.20444	45.8943
0.45152	0.50820	1.20470	45.9460
0.45202	0.50858	1.20496	45.9967
0.45253	0.50896	1.20522	46.0484
0.45303	0.50933	1.20548	46.0991
0.45354	0.50971	1.20574	46.1508
0.45404	0.51009	1.20600	46.2015
0.45455	0.51046	1.20626	46.2533
0.45505	0.51084	1.20652	46.3040
0.45556	0.51122	1.20678	46.3557
0.45606	0.51159	1.20704	46.4064
0.45657	0.51197	1.20730	46.4581
0.45707	0.51234	1.20756	46.5088
0.45758	0.51272	1.20782	46.5605
0.45808	0.51309	1.20809	46.6112
0.45859	0.51347	1.20835	46.6630
0.45909	0.51384	1.20861	46.7137
0.45960	0.51422	1.20887	46.7654
0.46010	0.51459	1.20913	46.8161
0.46061	0.51497	1.20940	46.8678
0.46111	0.51534	1.20966	46.9185
0.46162	0.51571	1.20992	46.9702
0.46212	0.51609	1.21018	47.0209
0.46263	0.51646	1.21045	47.0726
0.46313	0.51683	1.21071	47.1233
0.46364	0.51720	1.21097	47.1750
0.46414	0.51758	1.21124	47.2257
0.46465	0.51795	1.21150	47.2774
0.46515	0.51832	1.21176	47.3281
0.46566	0.51869	1.21203	47.3798
0.46616	0.51907	1.21229	47.4305
0.46667	0.51944	1.21255	47.4823
0.46717	0.51981	1.21282	47.5330
0.46768	0.52018	1.21308	47.5847
0.46818	0.52055	1.21335	47.6354
0.46869	0.52092	1.21361	47.6871
0.46919	0.52129	1.21388	47.7378
0.46970	0.52166	1.21414	47.7895
0.47020	0.52203	1.21441	47.8402
0.47071	0.52240	1.21467	47.8919
0.47121	0.52277	1.21494	47.9426
0.47172	0.52314	1.21520	47.9943
0.47222	0.52351	1.21547	48.0450
0.47273	0.52388	1.21573	48.0967
0.47323	0.52425	1.21600	48.1474
0.47374	0.52462	1.21627	48.1991
0.47424	0.52499	1.21653	48.2497
0.47475	0.52536	1.21680	48.3015
0.47525	0.52572	1.21707	48.3521
0.47576	0.52609	1.21733	48.4038
0.47626	0.52646	1.21760	48.4545
0.47677	0.52683	1.21787	48.5062
0.47727	0.52720	1.21814	48.5569
0.47778	0.52756	1.21840	48.6086
0.47828	0.52793	1.21867	48.6593
0.47879	0.52830	1.21894	48.7110
0.47929	0.52867	1.21921	48.7617
0.47980	0.52903	1.21948	48.8134
0.48030	0.52940	1.21974	48.8641
0.48081	0.52977	1.22001	48.9158
0.48131	0.53013	1.22028	48.9665
0.48182	0.53050	1.22055	49.0182
0.48232	0.53086	1.22082	49.0688
0.48283	0.53123	1.22109	49.1205
0.48333	0.53160	1.22136	49.1712
0.48384	0.53196	1.22163	49.2229
0.48434	0.53233	1.22190	49.2736
0.48485	0.53269	1.22217	49.3253
0.48535	0.53306	1.22244	49.3760
0.48586	0.53342	1.22271	49.4277
0.48636	0.53379	1.22298	49.4783
0.48687	0.53415	1.22325	49.5300
0.48737	0.53452	1.22352	49.5807
0.48788	0.53488	1.22379	49.6324
0.48838	0.53524	1.22406	49.6831
0.48889	0.53561	1.22434	49.7348
0.48939	0.53597	1.22461	49.7855
0.48990	0.53634	1.22488	49.8372
0.49040	0.53670	1.22515	49.8878
0.49091	0.53706	1.22542	49.9395
0.49141	0.53743	1.22570	49.9902
0.49192	0.53779	1.22597	50.0419
0.49242	0.53815	1.22624	50.0926
0.49293	0.53851	1.22652	50.1442
0.49343	0.53888	1.22679	50.1949
0.49394	0.53924	1.22706	50.2466
0.49444	0.53960	1.22734	50.2973
0.49495	0.53996	1.22761	50.3490
0.49545	0.54033	1.22788	50.3996
0.49596	0.54069	1.22816	50.4513
0.49646	0.54105	1.22843	50.5020
0.49697	0.54141	1.22871	50.5537
0.49747	0.54177	1.22898	50.6043
0.49798	0.54213	1.22926	50.6560
0.49848	0.54249	1.22953	50.7067
0.49899	0.54286	1.22981	50.7584
0.49949	0.54322	1.23008	50.8090
0.50000	0.54358	1.23036	50.8607
0.50051	0.54394	1.23064	50.9124
0.50101	0.54430	1.23091	50.9631
0.50152	0.54466	1.23119	51.0148
0.50202	0.54502	1.23147	51.0654
0.50253	0.54538	1.23174	51.1171
0.50303	0.54574	1.23202	51.1678
0.50354	0.54610	1.23230	51.2195
0.50404	0.54646	1.23258	51.2701
0.50455	0.54682	1.23285	51.3218
0.50505	0.54718	1.23313	51.3725
0.50556	0.54754	1.23341	51.4241
0.50606	0.54790	1.23369	51.4748
0.50657	0.54825	1.23397	51.5265
0.50707	0.54861	1.23425	51.5771
0.50758	0.54897	1.23453	51.6288
0.50808	0.54933	1.23481	51.6795
0.50859	0.54969	1.23508	51.7311
0.50909	0.55005	1.23537	51.7818
0.50960	0.55041	1.23565	51.8335
0.51010	0.55076	1.23593	51.8841
0.51061	0.55112	1.23621	51.9358
0.51111	0.55148	1.23649	51.9865
0.51162	0.55184	1.23677	52.0381
0.51212	0.55220	1.23705	52.0888
0.51263	0.55255	1.23733	52.1405
0.51313	0.55291	1.23761	52.1911
0.51364	0.55327	1.23789	52.2428
0.51414	0.55362	1.23818	52.2934
0.51465	0.55398	1.23846	52.3451
0.51515	0.55434	1.23874	52.3958
0.51566	0.55470	1.23902	52.4474
0.51616	0.55505	1.23931	52.4981
0.51667	0.55541	1.23959	52.5498
0.51717	0.55577	1.23987	52.6004
0.51768	0.55612	1.24016	52.6521
0.51818	0.55648	1.24044	52.7027
0.51869	0.55683	1.24073	52.7544
0.51919	0.55719	1.24101	52.8050
0.51970	0.55755	1.24130	52.8567
0.52020	0.55790	1.24158	52.9073
0.52071	0.55826	1.24187	52.9590
0.52121	0.55861	1.24215	53.0097
0.52172	0.55897	1.24244	53.0613
0.52222	0.55933	1.24272	53.1120
0.52273	0.55968	1.24301	53.1636
0.52323	0.56004	1.24330	53.2143
0.52374	0.56039	1.24358	53.2659
0.52424	0.56075	1.24387	53.3166
0.52475	0.56110	1.24416	53.3682
0.52525	0.56146	1.24444	53.4189
0.52576	0.56181	1.24473	53.4705
0.52626	0.56217	1.24502	53.5212
0.52677	0.56252	1.24531	53.5728
0.52727	0.56287	1.24560	53.6235
0.52778	0.56323	1.24588	53.6751
0.52828	0.56358	1.24617	53.7258
0.52879	0.56394	1.24646	53.7774
0.52929	0.56429	1.24675	53.8281
0.52980	0.56465	1.24704	53.8797
0.53030	0.56500	1.24733	53.9304
0.53081	0.56535	1.24762	53.9820
0.53131	0.56571	1.24791	54.0327
0.53182	0.56606	1.24820	54.0843
0.53232	0.56641	1.24850	54.1349
0.53283	0.56677	1.24879	54.1866
0.53333	0.56712	1.24908	54.2372
0.53384	0.56747	1.24937	54.2889
0.53434	0.56783	1.24966	54.3395
0.53485	0.56818	1.24995	54.3912
0.53535	0.56853	1.25025	54.4418
0.53586	0.56889	1.25054	54.4935
0.53636	0.56924	1.25083	54.5441
0.53687	0.56959	1.25113	54.5957
0.53737	0.56994	1.25142	54.6464
0.53788	0.57030	1.25171	54.6980
0.53838	0.57065	1.25201	54.7486
0.53889	0.57100	1.25230	54.8003
0.53939	0.57136	1.25260	54.8509
0.53990	0.57171	1.25289	54.9026
0.54040	0.57206	1.25319	54.9532
0.54091	0.57241	1.25349	55.0048
0.54141	0.57276	1.25378	55.0555
0.54192	0.57312	1.25408	55.1071
0.54242	0.57347	1.25437	55.1577
0.54293	0.57382	1.25467	55.2094
0.54343	0.57417	1.25497	55.2600
0.54394	0.57452	1.25527	55.3116
0.54444	0.57487	1.25556	55.3623
0.54495	0.57523	1.25586	55.4139
0.54545	0.57558	1.25616	55.4645
0.54596	0.57593	1.25646	55.5162
0.54646	0.57628	1.25676	55.5668
0.54697	0.57663	1.25706	55.6184
0.54747	0.57698	1.25736	55.6690
0.54798	0.57733	1.25766	55.7207
0.54848	0.57769	1.25796	55.7713
0.54899	0.57804	1.25826	55.8229
0.54949	0.57839	1.25856	55.8736
0.55000	0.57874	1.25886	55.9252
0.55051	0.57909	1.25916	55.9768
0.55101	0.57944	1.25946	56.0274
0.55152	0.57979	1.25976	56.0791
0.55202	0.58014	1.26007	56.1297
0.55253	0.58049	1.26037	56.1813
0.55303	0.58084	1.26067	56.2319
0.55354	0.58119	1.26098	56.2836
0.55404	0.58154	1.26128	56.3342
0.55455	0.58189	1.26158	56.3858
0.55505	0.58224	1.26189	56.4364
0.55556	0.58260	1.26219	56.4881
0.55606	0.58295	1.26250	56.5387
0.55657	0.58330	1.26280	56.5903
0.55707	0.58365	1.26311	56.6409
0.55758	0.58400	1.26341	56.6925
0.55808	0.58435	1.26372	56.7431
0.55859	0.58470	1.26402	56.7948
0.55909	0.58505	1.26433	56.8454
0.55960	0.58540	1.26464	56.8970
0.56010	0.58575	1.26495	56.9476
0.56061	0.58609	1.26525	56.9992
0.56111	0.58644	1.26556	57.0498
0.56162	0.58679	1.26587	57.1015
0.56212	0.58714	1.26618	57.1521
0.56263	0.58749	1.26649	57.2037
0.56313	0.58784	1.26680	57.2543
0.56364	0.58819	1.26711	57.3059
0.56414	0.58854	1.26742	57.3565
0.56465	0.58889	1.26773	57.4081
0.56515	0.58924	1.26804	57.4587
0.56566	0.58959	1.26835	57.5104
0.56616	0.58994	1.26866	57.5610
0.56667	0.59029	1.26897	57.6126
0.56717	0.59064	1.26928	57.6632
0.56768	0.59099	1.26960	57.7148
0.56818	0.59134	1.26991	57.7654
0.56869	0.59169	1.27022	57.8170
0.56919	0.59203	1.27054	57.8676
0.56970	0.59238	1.27085	57.9192
0.57020	0.59273	1.27116	57.9698
0.57071	0.59308	1.27148	58.0214
0.57121	0.59343	1.27179	58.0720
0.57172	0.59378	1.27211	58.1236
0.57222	0.59413	1.27242	58.1742
0.57273	0.59448	1.27274	58.2258
0.57323	0.59483	1.27306	58.2764
0.57374	0.59517	1.27337	58.3280
0.57424	0.59552	1.27369	58.3786
0.57475	0.59587	1.27401	58.4302
0.57525	0.59622	1.27432	58.4808
0.57576	0.59657	1.27464	58.5324
0.57626	0.59692	1.27496	58.5830
0.57677	0.59727	1.27528	58.6346
0.57727	0.59761	1.27560	58.6852
0.57778	0.59796	1.27592	58.7368
0.57828	0.59831	1.27624	58.7874
0.57879	0.59866	1.27656	58.8390
0.57929	0.59901	1.27688	58.8896
0.57980	0.59936	1.27720	58.9412
0.58030	0.59971	1.27752	58.9918
0.58081	0.60005	1.27784	59.0434
0.58131	0.60040	1.27817	59.0940
0.58182	0.60075	1.27849	59.1456
0.58232	0.60110	1.27881	59.1962
0.58283	0.60145	1.27913	59.2478
0.58333	0.60180	1.27946	59.2983
0.58384	0.60214	1.27978	59.3499
0.58434	0.60249	1.28011	59.4005
0.58485	0.60284	1.28043	59.4521
0.58535	0.60319	1.28076	59.5027
0.58586	0.60354	1.28108	59.5543
0.58636	0.60389	1.28141	59.6049
0.58687	0.60423	1.28174	59.6565
0.58737	0.60458	1.28206	59.7070
0.58788	0.60493	1.28239	59.7586
0.58838	0.60528	1.28272	59.8092
0.58889	0.60563	1.28305	59.8608
0.58939	0.60597	1.28337	59.9114
0.58990	0.60632	1.28370	59.9629
0.59040	0.60667	1.28403	60.0135
0.59091	0.60702	1.28436	60.0651
0.59141	0.60737	1.28469	60.1157
0.59192	0.60772	1.28502	60.1673
0.59242	0.60806	1.28535	60.2178
0.59293	0.60841	1.28568	60.2694
0.59343	0.60876	1.28602	60.3200
0.59394	0.60911	1.28635	60.3716
0.59444	0.60946	1.28668	60.4221
0.59495	0.60980	1.28701	60.4737
0.59545	0.61015	1.28735	60.5243
0.59596	0.61050	1.28768	60.5759
0.59646	0.61085	1.28802	60.6264
0.59697	0.61120	1.28835	60.6780
0.59747	0.61154	1.28869	60.7286
0.59798	0.61189	1.28902	60.7802
0.59848	0.61224	1.28936	60.8307
0.59899	0.61259	1.28969	60.8823
0.59949	0.61294	1.29003	60.9329
0.60000	0.61328	1.29037	60.9845
0.60061	0.61370	1.29077	61.0461
0.60121	0.61412	1.29118	61.1068
0.60182	0.61454	1.29159	61.1685
0.60242	0.61496	1.29199	61.2292
0.60303	0.61537	1.29240	61.2909
0.60364	0.61579	1.29281	61.3525
0.60424	0.61621	1.29322	61.4132
0.60485	0.61663	1.29363	61.4749
0.60545	0.61705	1.29404	61.5356
0.60606	0.61746	1.29445	61.5972
0.60667	0.61788	1.29486	61.6589
0.60727	0.61830	1.29527	61.7196
0.60788	0.61872	1.29569	61.7813
0.60848	0.61914	1.29610	61.8419
0.60909	0.61955	1.29652	61.9036
0.60970	0.61997	1.29693	61.9653
0.61030	0.62039	1.29735	62.0259
0.61091	0.62081	1.29776	62.0876
0.61152	0.62123	1.29818	62.1493
0.61212	0.62164	1.29860	62.2099
0.61273	0.62206	1.29902	62.2716
0.61333	0.62248	1.29944	62.3322
0.61394	0.62290	1.29986	62.3939
0.61455	0.62332	1.30028	62.4556
0.61515	0.62374	1.30070	62.5162
0.61576	0.62415	1.30112	62.5779
0.61636	0.62457	1.30154	62.6385
0.61697	0.62499	1.30197	62.7002
0.61758	0.62541	1.30239	62.7619
0.61818	0.62583	1.30282	62.8225
0.61879	0.62625	1.30324	62.8842
0.61939	0.62667	1.30367	62.9448
0.62000	0.62708	1.30409	63.0065
0.62061	0.62750	1.30452	63.0681
0.62121	0.62792	1.30495	63.1288
0.62182	0.62834	1.30538	63.1904
0.62242	0.62876	1.30581	63.2511
0.62303	0.62918	1.30624	63.3127
0.62364	0.62960	1.30667	63.3744
0.62424	0.63002	1.30710	63.4350
0.62485	0.63044	1.30754	63.4967
0.62545	0.63086	1.30797	63.5573
0.62606	0.63127	1.30841	63.6189
0.62667	0.63169	1.30884	63.6806
0.62727	0.63211	1.30928	63.7412
0.62788	0.63253	1.30971	63.8029
0.62848	0.63295	1.31015	63.8635
0.62909	0.63337	1.31059	63.9251
0.62970	0.63379	1.31103	63.9868
0.63030	0.63421	1.31147	64.0474
0.63091	0.63463	1.31191	64.1090
0.63152	0.63505	1.31235	64.1707
0.63212	0.63547	1.31279	64.2313
0.63273	0.63589	1.31324	64.2929
0.63333	0.63631	1.31368	64.3536
0.63394	0.63673	1.31413	64.4152
0.63455	0.63715	1.31457	64.4768
0.63515	0.63757	1.31502	64.5374
0.63576	0.63799	1.31547	64.5991
0.63636	0.63841	1.31591	64.6597
0.63697	0.63883	1.31636	64.7213
0.63758	0.63926	1.31681	64.7829
0.63818	0.63968	1.31726	64.8435
0.63879	0.64010	1.31771	64.9052
0.63939	0.64052	1.31817	64.9658
0.64000	0.64094	1.31862	65.0274
0.64061	0.64136	1.31907	65.0890
0.64121	0.64178	1.31953	65.1496
0.64182	0.64220	1.31998	65.2113
0.64242	0.64262	1.32044	65.2719
0.64303	0.64305	1.32090	65.3335
0.64364	0.64347	1.32136	65.3951
0.64424	0.64389	1.32182	65.4557
0.64485	0.64431	1.32228	65.5173
0.64545	0.64473	1.32274	65.5779
0.64606	0.64516	1.32320	65.6395
0.64667	0.64558	1.32366	65.7011
0.64727	0.64600	1.32412	65.7617
0.64788	0.64642	1.32459	65.8233
0.64848	0.64685	1.32505	65.8839
0.64909	0.64727	1.32552	65.9455
0.64970	0.64769	1.32599	66.0071
0.65000	0.64790	1.32622	66.0374
0.65030	0.64811	1.32646	66.0677
0.65051	0.64825	1.32661	66.0889
0.65091	0.64854	1.32693	66.1293
0.65101	0.64861	1.32700	66.1394
0.65152	0.64896	1.32740	66.1909
0.65152	0.64896	1.32740	66.1909
0.65202	0.64931	1.32779	66.2414
0.65212	0.64938	1.32787	66.2515
0.65253	0.64967	1.32818	66.2929
0.65273	0.64981	1.32834	66.3131
0.65303	0.65002	1.32858	66.3434
0.65333	0.65023	1.32881	66.3737
0.65354	0.65037	1.32897	66.3949
0.65394	0.65065	1.32929	66.4353
0.65404	0.65072	1.32936	66.4454
0.65455	0.65108	1.32976	66.4969
0.65455	0.65108	1.32976	66.4969
0.65505	0.65143	1.33016	66.5474
0.65515	0.65150	1.33024	66.5575
0.65556	0.65178	1.33055	66.5989
0.65576	0.65193	1.33071	66.6191
0.65606	0.65214	1.33095	66.6494
0.65636	0.65235	1.33119	66.6796
0.65657	0.65249	1.33135	66.7008
0.65697	0.65277	1.33167	66.7412
0.65707	0.65284	1.33175	66.7513
0.65758	0.65320	1.33215	66.8028
0.65758	0.65320	1.33215	66.8028
0.65808	0.65355	1.33255	66.8533
0.65818	0.65362	1.33263	66.8634
0.65859	0.65391	1.33295	66.9048
0.65879	0.65405	1.33311	66.9250
0.65909	0.65426	1.33335	66.9553
0.65939	0.65447	1.33359	66.9856
0.65960	0.65461	1.33375	67.0068
0.66010	0.65497	1.33416	67.0572
0.66061	0.65532	1.33456	67.1087
0.66111	0.65568	1.33497	67.1592
0.66162	0.65603	1.33537	67.2107
0.66212	0.65639	1.33578	67.2612
0.66263	0.65674	1.33618	67.3126
0.66313	0.65710	1.33659	67.3631
0.66364	0.65745	1.33700	67.4146
0.66414	0.65780	1.33741	67.4651
0.66465	0.65816	1.33782	67.5165
0.66515	0.65852	1.33823	67.5670
0.66566	0.65887	1.33864	67.6185
0.66616	0.65923	1.33905	67.6690
0.66667	0.65958	1.33946	67.7204
0.66717	0.65994	1.33988	67.7709
0.66768	0.66029	1.34029	67.8224
0.66818	0.66065	1.34070	67.8728
0.66869	0.66100	1.34112	67.9243
0.66919	0.66136	1.34154	67.9748
0.66970	0.66172	1.34195	68.0262
0.67020	0.66207	1.34237	68.0767
0.67071	0.66243	1.34279	68.1282
0.67121	0.66279	1.34321	68.1786
0.67172	0.66314	1.34363	68.2301
0.67222	0.66350	1.34405	68.2806
0.67273	0.66386	1.34447	68.3320
0.67323	0.66421	1.34489	68.3825
0.67374	0.66457	1.34532	68.4339
0.67424	0.66493	1.34574	68.4844
0.67475	0.66528	1.34616	68.5359
0.67525	0.66564	1.34659	68.5863
0.67576	0.66600	1.34702	68.6378
0.67626	0.66636	1.34744	68.6882
0.67677	0.66671	1.34787	68.7397
0.67727	0.66707	1.34830	68.7901
0.67778	0.66743	1.34873	68.8416
0.67828	0.66779	1.34916	68.8920
0.67879	0.66815	1.34959	68.9435
0.67929	0.66851	1.35002	68.9939
0.67980	0.66886	1.35045	69.0454
0.68030	0.66922	1.35089	69.0958
0.68081	0.66958	1.35132	69.1473
0.68131	0.66994	1.35176	69.1977
0.68182	0.67030	1.35219	69.2492
0.68232	0.67066	1.35263	69.2996
0.68283	0.67102	1.35307	69.3510
0.68333	0.67138	1.35350	69.4015
0.68384	0.67174	1.35394	69.4529
0.68434	0.67210	1.35438	69.5034
0.68485	0.67246	1.35482	69.5548
0.68535	0.67282	1.35527	69.6052
0.68586	0.67318	1.35571	69.6567
0.68636	0.67354	1.35615	69.7071
0.68687	0.67390	1.35660	69.7585
0.68737	0.67426	1.35704	69.8090
0.68788	0.67462	1.35749	69.8604
0.68838	0.67498	1.35794	69.9108
0.68889	0.67534	1.35838	69.9623
0.68939	0.67570	1.35883	70.0127
0.68990	0.67607	1.35928	70.0641
0.69040	0.67643	1.35973	70.1145
0.69091	0.67679	1.36018	70.1660
0.69141	0.67715	1.36064	70.2164
0.69192	0.67751	1.36109	70.2678
0.69242	0.67787	1.36154	70.3182
0.69293	0.67824	1.36200	70.3697
0.69343	0.67860	1.36245	70.4201
0.69394	0.67896	1.36291	70.4715
0.69444	0.67932	1.36337	70.5219
0.69495	0.67969	1.36383	70.5734
0.69545	0.68005	1.36429	70.6238
0.69596	0.68041	1.36475	70.6752
0.69646	0.68078	1.36521	70.7256
0.69697	0.68114	1.36567	70.7770
0.69747	0.68151	1.36614	70.8274
0.69798	0.68187	1.36660	70.8788
0.69848	0.68223	1.36707	70.9292
0.69899	0.68260	1.36753	70.9807
0.69949	0.68296	1.36800	71.0311
0.70000	0.68333	1.36847	71.0825
0.70051	0.68369	1.36894	71.1339
0.70101	0.68406	1.36941	71.1843
0.70152	0.68442	1.36988	71.2357
0.70202	0.68479	1.37035	71.2861
0.70253	0.68515	1.37082	71.3375
0.70303	0.68552	1.37130	71.3879
0.70354	0.68588	1.37177	71.4393
0.70404	0.68625	1.37225	71.4897
0.70455	0.68662	1.37273	71.5411
0.70505	0.68698	1.37321	71.5915
0.70556	0.68735	1.37368	71.6429
0.70606	0.68772	1.37417	71.6933
0.70657	0.68808	1.37465	71.7447
0.70707	0.68845	1.37513	71.7951
0.70758	0.68882	1.37561	71.8465
0.70808	0.68918	1.37610	71.8969
0.70859	0.68955	1.37658	71.9483
0.70909	0.68992	1.37707	71.9986
0.70960	0.69029	1.37756	72.0500
0.71010	0.69066	1.37805	72.1004
0.71061	0.69102	1.37854	72.1518
0.71111	0.69139	1.37903	72.2022
0.71162	0.69176	1.37952	72.2536
0.71212	0.69213	1.38001	72.3039
0.71263	0.69250	1.38051	72.3553
0.71313	0.69287	1.38100	72.4057
0.71364	0.69324	1.38150	72.4571
0.71414	0.69361	1.38200	72.5075
0.71465	0.69398	1.38249	72.5588
0.71515	0.69435	1.38299	72.6092
0.71566	0.69472	1.38349	72.6606
0.71616	0.69509	1.38400	72.7109
0.71667	0.69546	1.38450	72.7623
0.71717	0.69583	1.38500	72.8127
0.71768	0.69620	1.38551	72.8641
0.71818	0.69658	1.38602	72.9144
0.71869	0.69695	1.38652	72.9658
0.71919	0.69732	1.38703	73.0162
0.71970	0.69769	1.38754	73.0675
0.72020	0.69806	1.38805	73.1179
0.72071	0.69844	1.38857	73.1693
0.72121	0.69881	1.38908	73.2196
0.72172	0.69918	1.38959	73.2710
0.72222	0.69955	1.39011	73.3213
0.72273	0.69993	1.39063	73.3727
0.72323	0.70030	1.39115	73.4230
0.72374	0.70068	1.39167	73.4744
0.72424	0.70105	1.39219	73.5247
0.72475	0.70142	1.39271	73.5761
0.72525	0.70180	1.39323	73.6264
0.72576	0.70217	1.39376	73.6778
0.72626	0.70255	1.39428	73.7281
0.72677	0.70292	1.39481	73.7795
0.72727	0.70330	1.39534	73.8298
0.72778	0.70367	1.39587	73.8812
0.72828	0.70405	1.39640	73.9315
0.72879	0.70443	1.39693	73.9829
0.72929	0.70480	1.39746	74.0332
0.72980	0.70518	1.39800	74.0845
0.73030	0.70556	1.39854	74.1349
0.73081	0.70593	1.39907	74.1862
0.73131	0.70631	1.39961	74.2365
0.73182	0.70669	1.40015	74.2879
0.73232	0.70707	1.40069	74.3382
0.73283	0.70744	1.40124	74.3895
0.73333	0.70782	1.40178	74.4399
0.73384	0.70820	1.40232	74.4912
0.73434	0.70858	1.40287	74.5415
0.73485	0.70896	1.40342	74.5929
0.73535	0.70934	1.40397	74.6432
0.73586	0.70972	1.40452	74.6945
0.73636	0.71010	1.40507	74.7448
0.73687	0.71048	1.40562	74.7961
0.73737	0.71086	1.40618	74.8465
0.73788	0.71124	1.40674	74.8978
0.73838	0.71162	1.40729	74.9481
0.73889	0.71200	1.40785	74.9994
0.73939	0.71238	1.40841	75.0497
0.73990	0.71276	1.40897	75.1010
0.74040	0.71315	1.40954	75.1513
0.74091	0.71353	1.41010	75.2027
0.74141	0.71391	1.41067	75.2530
0.74192	0.71429	1.41124	75.3043
0.74242	0.71468	1.41181	75.3546
0.74293	0.71506	1.41238	75.4059
0.74343	0.71544	1.41295	75.4562
0.74394	0.71583	1.41352	75.5075
0.74444	0.71621	1.41410	75.5578
0.74495	0.71659	1.41467	75.6091
0.74545	0.71698	1.41525	75.6594
0.74596	0.71736	1.41583	75.7107
0.74646	0.71775	1.41641	75.7610
0.74697	0.71814	1.41700	75.8123
0.74747	0.71852	1.41758	75.8625
0.74798	0.71891	1.41817	75.9138
0.74848	0.71929	1.41875	75.9641
0.74899	0.71968	1.41934	76.0154
0.74949	0.72007	1.41993	76.0657
0.75000	0.72045	1.42053	76.1170
0.75051	0.72084	1.42112	76.1683
0.75101	0.72123	1.42172	76.2185
0.75152	0.72162	1.42231	76.2698
0.75202	0.72201	1.42291	76.3201
0.75253	0.72239	1.42351	76.3714
0.75303	0.72278	1.42411	76.4216
0.75354	0.72317	1.42472	76.4729
0.75404	0.72356	1.42532	76.5232
0.75455	0.72395	1.42593	76.5745
0.75505	0.72434	1.42654	76.6247
0.75556	0.72473	1.42715	76.6760
0.75606	0.72512	1.42776	76.7263
0.75657	0.72552	1.42837	76.7775
0.75707	0.72591	1.42899	76.8278
0.75758	0.72630	1.42961	76.8790
0.75808	0.72669	1.43023	76.9293
0.75859	0.72708	1.43085	76.9806
0.75909	0.72748	1.43147	77.0308
0.75960	0.72787	1.43209	77.0821
0.76010	0.72826	1.43272	77.1323
0.76061	0.72866	1.43335	77.1836
0.76111	0.72905	1.43398	77.2338
0.76162	0.72944	1.43461	77.2851
0.76212	0.72984	1.43524	77.3353
0.76263	0.73023	1.43588	77.3866
0.76313	0.73063	1.43651	77.4368
0.76364	0.73103	1.43715	77.4880
0.76414	0.73142	1.43779	77.5383
0.76465	0.73182	1.43843	77.5895
0.76515	0.73222	1.43908	77.6397
0.76566	0.73261	1.43973	77.6910
0.76616	0.73301	1.44037	77.7412
0.76667	0.73341	1.44102	77.7924
0.76717	0.73381	1.44167	77.8427
0.76768	0.73420	1.44233	77.8939
0.76818	0.73460	1.44298	77.9441
0.76869	0.73500	1.44364	77.9953
0.76919	0.73540	1.44430	78.0456
0.76970	0.73580	1.44496	78.0968
0.77020	0.73620	1.44563	78.1470
0.77071	0.73660	1.44629	78.1982
0.77121	0.73700	1.44696	78.2484
0.77172	0.73740	1.44763	78.2997
0.77222	0.73781	1.44830	78.3499
0.77273	0.73821	1.44898	78.4011
0.77323	0.73861	1.44965	78.4513
0.77374	0.73901	1.45033	78.5025
0.77424	0.73942	1.45101	78.5527
0.77475	0.73982	1.45169	78.6039
0.77525	0.74022	1.45238	78.6541
0.77576	0.74063	1.45306	78.7053
0.77626	0.74103	1.45375	78.7555
0.77677	0.74144	1.45444	78.8067
0.77727	0.74184	1.45514	78.8569
0.77778	0.74225	1.45583	78.9081
0.77828	0.74266	1.45653	78.9582
0.77879	0.74306	1.45723	79.0094
0.77929	0.74347	1.45793	79.0596
0.77980	0.74388	1.45863	79.1108
0.78030	0.74429	1.45934	79.1610
0.78081	0.74469	1.46005	79.2122
0.78131	0.74510	1.46076	79.2623
0.78182	0.74551	1.46147	79.3135
0.78232	0.74592	1.46219	79.3637
0.78283	0.74633	1.46290	79.4149
0.78333	0.74674	1.46362	79.4650
0.78384	0.74715	1.46435	79.5162
0.78434	0.74756	1.46507	79.5664
0.78485	0.74797	1.46580	79.6175
0.78535	0.74839	1.46653	79.6677
0.78586	0.74880	1.46726	79.7188
0.78636	0.74921	1.46799	79.7690
0.78687	0.74962	1.46873	79.8202
0.78737	0.75004	1.46947	79.8703
0.78788	0.75045	1.47021	79.9215
0.78838	0.75087	1.47096	79.9716
0.78889	0.75128	1.47170	80.0228
0.78939	0.75170	1.47245	80.0729
0.78990	0.75211	1.47320	80.1240
0.79040	0.75253	1.47396	80.1742
0.79091	0.75295	1.47472	80.2253
0.79141	0.75336	1.47547	80.2754
0.79192	0.75378	1.47624	80.3266
0.79242	0.75420	1.47700	80.3767
0.79293	0.75462	1.47777	80.4278
0.79343	0.75504	1.47854	80.4780
0.79394	0.75545	1.47931	80.5291
0.79444	0.75587	1.48009	80.5792
0.79495	0.75629	1.48086	80.6303
0.79545	0.75672	1.48165	80.6805
0.79596	0.75714	1.48243	80.7316
0.79646	0.75756	1.48322	80.7817
0.79697	0.75798	1.48400	80.8328
0.79747	0.75840	1.48480	80.8829
0.79798	0.75883	1.48559	80.9340
0.79848	0.75925	1.48639	80.9841
0.79899	0.75967	1.48719	81.0352
0.79949	0.76010	1.48799	81.0853
0.80000	0.76052	1.48880	81.1364
0.80020	0.76069	1.48912	81.1565
0.80040	0.76086	1.48944	81.1765
0.80061	0.76103	1.48977	81.1975
0.80081	0.76120	1.49009	81.2176
0.80101	0.76137	1.49042	81.2376
0.80121	0.76155	1.49074	81.2576
0.80141	0.76172	1.49107	81.2777
0.80162	0.76189	1.49140	81.2987
0.80182	0.76206	1.49172	81.3188
0.80202	0.76223	1.49205	81.3388
0.80222	0.76240	1.49238	81.3588
0.80242	0.76257	1.49271	81.3789
0.80263	0.76274	1.49304	81.3999
0.80283	0.76291	1.49337	81.4199
0.80303	0.76308	1.49370	81.4400
0.80323	0.76325	1.49403	81.4600
0.80343	0.76343	1.49436	81.4800
0.80364	0.76360	1.49469	81.5011
0.80384	0.76377	1.49502	81.5211
0.80404	0.76394	1.49535	81.5411
0.80424	0.76411	1.49569	81.5611
0.80444	0.76428	1.49602	81.5812
0.80465	0.76446	1.49635	81.6022
0.80485	0.76463	1.49669	81.6222
0.80505	0.76480	1.49702	81.6423
0.80525	0.76497	1.49736	81.6623
0.80545	0.76514	1.49769	81.6823
0.80566	0.76532	1.49803	81.7034
0.80586	0.76549	1.49837	81.7234
0.80606	0.76566	1.49870	81.7434
0.80626	0.76583	1.49904	81.7634
0.80646	0.76601	1.49938	81.7835
0.80667	0.76618	1.49972	81.8045
0.80687	0.76635	1.50006	81.8245
0.80707	0.76653	1.50040	81.8445
0.80727	0.76670	1.50074	81.8646
0.80747	0.76687	1.50108	81.8846
0.80768	0.76704	1.50142	81.9056
0.80788	0.76722	1.50176	81.9256
0.80808	0.76739	1.50210	81.9457
0.80828	0.76756	1.50245	81.9657
0.80848	0.76774	1.50279	81.9857
0.80869	0.76791	1.50313	82.0067
0.80889	0.76808	1.50348	82.0268
0.80909	0.76826	1.50383	82.0468
0.80929	0.76843	1.50417	82.0668
0.80949	0.76861	1.50452	82.0868
0.80970	0.76878	1.50486	82.1078
0.80990	0.76895	1.50521	82.1279
0.81010	0.76913	1.50556	82.1479
0.81030	0.76930	1.50591	82.1679
0.81051	0.76948	1.50626	82.1889
0.81071	0.76965	1.50660	82.2089
0.81091	0.76983	1.50695	82.2289
0.81111	0.77000	1.50730	82.2490
0.81131	0.77017	1.50766	82.2690
0.81152	0.77035	1.50801	82.2900
0.81172	0.77052	1.50836	82.3100
0.81192	0.77070	1.50871	82.3300
0.81212	0.77087	1.50907	82.3500
0.81232	0.77105	1.50942	82.3700
0.81253	0.77122	1.50977	82.3911
0.81273	0.77140	1.51013	82.4111
0.81293	0.77157	1.51048	82.4311
0.81313	0.77175	1.51084	82.4511
0.81333	0.77193	1.51120	82.4711
0.81354	0.77210	1.51155	82.4921
0.81374	0.77228	1.51191	82.5121
0.81394	0.77245	1.51227	82.5322
0.81414	0.77263	1.51263	82.5522
0.81434	0.77280	1.51299	82.5722
0.81455	0.77298	1.51335	82.5932
0.81475	0.77316	1.51371	82.6132
0.81495	0.77333	1.51407	82.6332
0.81515	0.77351	1.51443	82.6532
0.81535	0.77369	1.51479	82.6732
0.81556	0.77386	1.51515	82.6942
0.81576	0.77404	1.51552	82.7142
0.81596	0.77422	1.51588	82.7342
0.81616	0.77439	1.51625	82.7542
0.81636	0.77457	1.51661	82.7742
0.81657	0.77475	1.51698	82.7953
0.81677	0.77492	1.51734	82.8153
0.81697	0.77510	1.51771	82.8353
0.81717	0.77528	1.51808	82.8553
0.81737	0.77546	1.51845	82.8753
0.81758	0.77563	1.51881	82.8963
0.81778	0.77581	1.51918	82.9163
0.81798	0.77599	1.51955	82.9363
0.81818	0.77617	1.51992	82.9563
0.81838	0.77634	1.52030	82.9763
0.81859	0.77652	1.52067	82.9973
0.81879	0.77670	1.52104	83.0173
0.81899	0.77688	1.52141	83.0373
0.81919	0.77706	1.52179	83.0573
0.81939	0.77723	1.52216	83.0773
0.81960	0.77741	1.52253	83.0983
0.81980	0.77759	1.52291	83.1183
0.82000	0.77777	1.52328	83.1383
0.82020	0.77795	1.52366	83.1583
0.82040	0.77813	1.52404	83.1783
0.82061	0.77831	1.52442	83.1993
0.82081	0.77848	1.52480	83.2193
0.82101	0.77866	1.52518	83.2393
0.82121	0.77884	1.52555	83.2593
0.82141	0.77902	1.52593	83.2792
0.82162	0.77920	1.52631	83.3002
0.82182	0.77938	1.52670	83.3202
0.82202	0.77956	1.52708	83.3402
0.82222	0.77974	1.52746	83.3602
0.82242	0.77992	1.52785	83.3802
0.82263	0.78010	1.52823	83.4012
0.82283	0.78028	1.52861	83.4212
0.82303	0.78046	1.52900	83.4412
0.82323	0.78064	1.52938	83.4612
0.82343	0.78082	1.52977	83.4812
0.82364	0.78100	1.53016	83.5022
0.82384	0.78118	1.53055	83.5221
0.82404	0.78136	1.53094	83.5421
0.82424	0.78154	1.53133	83.5621
0.82444	0.78172	1.53172	83.5821
0.82465	0.78190	1.53211	83.6031
0.82485	0.78208	1.53250	83.6231
0.82505	0.78226	1.53289	83.6431
0.82525	0.78245	1.53328	83.6630
0.82545	0.78263	1.53368	83.6830
0.82566	0.78281	1.53407	83.7040
0.82586	0.78299	1.53446	83.7240
0.82606	0.78317	1.53486	83.7440
0.82626	0.78335	1.53525	83.7640
0.82646	0.78353	1.53565	83.7839
0.82667	0.78372	1.53605	83.8049
0.82687	0.78390	1.53645	83.8249
0.82707	0.78408	1.53685	83.8449
0.82727	0.78426	1.53725	83.8649
0.82747	0.78444	1.53765	83.8848
0.82768	0.78463	1.53805	83.9058
0.82788	0.78481	1.53845	83.9258
0.82808	0.78499	1.53885	83.9458
0.82828	0.78517	1.53925	83.9658
0.82848	0.78536	1.53966	83.9857
0.82869	0.78554	1.54006	84.0067
0.82889	0.78572	1.54047	84.0267
0.82909	0.78590	1.54087	84.0467
0.82929	0.78609	1.54128	84.0666
0.82949	0.78627	1.54169	84.0866
0.82970	0.78645	1.54209	84.1076
0.82990	0.78664	1.54250	84.1276
0.83010	0.78682	1.54291	84.1475
0.83030	0.78701	1.54332	84.1675
0.83051	0.78719	1.54373	84.1885
0.83071	0.78737	1.54414	84.2085
0.83091	0.78756	1.54455	84.2284
0.83111	0.78774	1.54497	84.2484
0.83131	0.78792	1.54538	84.2684
0.83152	0.78811	1.54580	84.2893
0.83172	0.78829	1.54621	84.3093
0.83192	0.78848	1.54663	84.3293
0.83212	0.78866	1.54704	84.3492
0.83232	0.78885	1.54746	84.3692
0.83253	0.78903	1.54788	84.3902
0.83273	0.78922	1.54830	84.4101
0.83293	0.78940	1.54872	84.4301
0.83313	0.78959	1.54914	84.4501
0.83333	0.78977	1.54956	84.4700
0.83354	0.78996	1.54998	84.4910
0.83374	0.79014	1.55040	84.5110
0.83394	0.79033	1.55083	84.5309
0.83414	0.79051	1.55125	84.5509
0.83434	0.79070	1.55168	84.5708
0.83455	0.79089	1.55210	84.5918
0.83475	0.79107	1.55253	84.6118
0.83495	0.79126	1.55296	84.6317
0.83515	0.79144	1.55338	84.6517
0.83535	0.79163	1.55381	84.6717
0.83556	0.79182	1.55424	84.6926
0.83576	0.79200	1.55467	84.7126
0.83596	0.79219	1.55510	84.7325
0.83616	0.79238	1.55554	84.7525
0.83636	0.79256	1.55597	84.7724
0.83657	0.79275	1.55640	84.7934
0.83677	0.79294	1.55684	84.8134
0.83697	0.79313	1.55727	84.8333
0.83717	0.79331	1.55771	84.8533
0.83737	0.79350	1.55815	84.8732
0.83758	0.79369	1.55858	84.8942
0.83778	0.79388	1.55902	84.9141
0.83798	0.79406	1.55946	84.9341
0.83818	0.79425	1.55990	84.9540
0.83838	0.79444	1.56034	84.9740
0.83859	0.79463	1.56078	84.9949
0.83879	0.79482	1.56123	85.0149
0.83899	0.79500	1.56167	85.0348
0.83919	0.79519	1.56211	85.0548
0.83939	0.79538	1.56256	85.0747
0.83960	0.79557	1.56301	85.0957
0.83980	0.79576	1.56345	85.1156
0.84000	0.79595	1.56390	85.1356
0.84020	0.79614	1.56435	85.1555
0.84040	0.79633	1.56480	85.1754
0.84061	0.79652	1.56525	85.1964
0.84081	0.79670	1.56570	85.2163
0.84101	0.79689	1.56615	85.2363
0.84121	0.79708	1.56660	85.2562
0.84141	0.79727	1.56706	85.2762
0.84162	0.79746	1.56751	85.2971
0.84182	0.79765	1.56797	85.3170
0.84202	0.79784	1.56842	85.3370
0.84222	0.79803	1.56888	85.3569
0.84242	0.79822	1.56934	85.3769
0.84263	0.79841	1.56980	85.3978
0.84283	0.79861	1.57026	85.4177
0.84303	0.79880	1.57072	85.4377
0.84323	0.79899	1.57118	85.4576
0.84343	0.79918	1.57164	85.4775
0.84364	0.79937	1.57211	85.4985
0.84384	0.79956	1.57257	85.5184
0.84404	0.79975	1.57303	85.5383
0.84424	0.79994	1.57350	85.5583
0.84444	0.80013	1.57397	85.5782
0.84465	0.80033	1.57444	85.5992
0.84485	0.80052	1.57491	85.6191
0.84505	0.80071	1.57537	85.6390
0.84525	0.80090	1.57585	85.6589
0.84545	0.80109	1.57632	85.6789
0.84566	0.80129	1.57679	85.6998
0.84586	0.80148	1.57726	85.7197
0.84606	0.80167	1.57774	85.7397
0.84626	0.80186	1.57821	85.7596
0.84646	0.80206	1.57869	85.7795
0.84667	0.80225	1.57917	85.8004
0.84687	0.80244	1.57964	85.8204
0.84707	0.80264	1.58012	85.8403
0.84727	0.80283	1.58060	85.8602
0.84747	0.80302	1.58108	85.8801
0.84768	0.80322	1.58157	85.9011
0.84788	0.80341	1.58205	85.9210
0.84808	0.80360	1.58253	85.9409
0.84828	0.80380	1.58302	85.9608
0.84848	0.80399	1.58350	85.9807
0.84869	0.80419	1.58399	86.0017
0.84889	0.80438	1.58448	86.0216
0.84909	0.80457	1.58497	86.0415
0.84929	0.80477	1.58546	86.0614
0.84949	0.80496	1.58595	86.0813
0.84970	0.80516	1.58644	86.1022
0.84990	0.80535	1.58693	86.1222
0.85010	0.80555	1.58743	86.1421
0.85030	0.80574	1.58792	86.1620
0.85051	0.80594	1.58842	86.1829
0.85071	0.80614	1.58892	86.2028
0.85091	0.80633	1.58941	86.2227
0.85111	0.80653	1.58991	86.2426
0.85131	0.80672	1.59041	86.2625
0.85152	0.80692	1.59091	86.2835
0.85172	0.80711	1.59142	86.3034
0.85192	0.80731	1.59192	86.3233
0.85212	0.80751	1.59242	86.3432
0.85232	0.80770	1.59293	86.3631
0.85253	0.80790	1.59344	86.3840
0.85273	0.80810	1.59394	86.4039
0.85293	0.80829	1.59445	86.4238
0.85313	0.80849	1.59496	86.4437
0.85333	0.80869	1.59547	86.4636
0.85354	0.80889	1.59598	86.4845
0.85374	0.80908	1.59649	86.5044
0.85394	0.80928	1.59701	86.5243
0.85414	0.80948	1.59752	86.5442
0.85434	0.80968	1.59804	86.5641
0.85455	0.80987	1.59856	86.5850
0.85475	0.81007	1.59908	86.6049
0.85495	0.81027	1.59959	86.6248
0.85515	0.81047	1.60011	86.6447
0.85535	0.81067	1.60064	86.6646
0.85556	0.81087	1.60116	86.6855
0.85576	0.81106	1.60168	86.7054
0.85596	0.81126	1.60221	86.7253
0.85616	0.81146	1.60273	86.7452
0.85636	0.81166	1.60326	86.7651
0.85657	0.81186	1.60379	86.7860
0.85677	0.81206	1.60432	86.8059
0.85697	0.81226	1.60485	86.8257
0.85717	0.81246	1.60538	86.8456
0.85737	0.81266	1.60591	86.8655
0.85758	0.81286	1.60645	86.8864
0.85778	0.81306	1.60698	86.9063
0.85798	0.81326	1.60752	86.9262
0.85818	0.81346	1.60806	86.9461
0.85838	0.81366	1.60859	86.9660
0.85859	0.81386	1.60913	86.9868
0.85879	0.81406	1.60967	87.0067
0.85899	0.81426	1.61022	87.0266
0.85919	0.81447	1.61076	87.0465
0.85939	0.81467	1.61130	87.0664
0.85960	0.81487	1.61185	87.0873
0.85980	0.81507	1.61240	87.1071
0.86000	0.81527	1.61294	87.1270
0.86020	0.81547	1.61349	87.1469
0.86040	0.81568	1.61404	87.1668
0.86061	0.81588	1.61460	87.1877
0.86081	0.81608	1.61515	87.2075
0.86101	0.81628	1.61570	87.2274
0.86121	0.81649	1.61626	87.2473
0.86141	0.81669	1.61682	87.2671
0.86162	0.81689	1.61737	87.2880
0.86182	0.81709	1.61793	87.3079
0.86202	0.81730	1.61850	87.3278
0.86222	0.81750	1.61906	87.3476
0.86242	0.81770	1.61962	87.3675
0.86263	0.81791	1.62018	87.3884
0.86283	0.81811	1.62075	87.4082
0.86303	0.81832	1.62132	87.4281
0.86323	0.81852	1.62188	87.4480
0.86343	0.81872	1.62245	87.4678
0.86364	0.81893	1.62302	87.4887
0.86384	0.81913	1.62360	87.5086
0.86404	0.81934	1.62417	87.5284
0.86424	0.81954	1.62474	87.5483
0.86444	0.81975	1.62532	87.5681
0.86465	0.81995	1.62590	87.5890
0.86485	0.82016	1.62648	87.6089
0.86505	0.82036	1.62706	87.6287
0.86525	0.82057	1.62764	87.6486
0.86545	0.82077	1.62822	87.6684
0.86566	0.82098	1.62880	87.6893
0.86586	0.82119	1.62939	87.7092
0.86606	0.82139	1.62998	87.7290
0.86626	0.82160	1.63057	87.7489
0.86646	0.82180	1.63115	87.7687
0.86667	0.82201	1.63175	87.7896
0.86687	0.82222	1.63234	87.8094
0.86707	0.82243	1.63293	87.8293
0.86727	0.82263	1.63353	87.8491
0.86747	0.82284	1.63412	87.8690
0.86768	0.82305	1.63472	87.8898
0.86788	0.82325	1.63532	87.9097
0.86808	0.82346	1.63592	87.9295
0.86828	0.82367	1.63652	87.9494
0.86848	0.82388	1.63713	87.9692
0.86869	0.82409	1.63773	87.9901
0.86889	0.82429	1.63834	88.0099
0.86909	0.82450	1.63895	88.0297
0.86929	0.82471	1.63955	88.0496
0.86949	0.82492	1.64017	88.0694
0.86970	0.82513	1.64078	88.0903
0.86990	0.82534	1.64139	88.1101
0.87010	0.82555	1.64201	88.1299
0.87030	0.82576	1.64262	88.1498
0.87051	0.82597	1.64324	88.1706
0.87071	0.82618	1.64386	88.1904
0.87091	0.82639	1.64448	88.2103
0.87111	0.82660	1.64510	88.2301
0.87131	0.82681	1.64573	88.2499
0.87152	0.82702	1.64636	88.2708
0.87172	0.82723	1.64698	88.2906
0.87192	0.82744	1.64761	88.3104
0.87212	0.82765	1.64824	88.3303
0.87232	0.82786	1.64887	88.3501
0.87253	0.82807	1.64951	88.3709
0.87273	0.82828	1.65014	88.3907
0.87293	0.82849	1.65078	88.4106
0.87313	0.82871	1.65142	88.4304
0.87333	0.82892	1.65206	88.4502
0.87354	0.82913	1.65270	88.4710
0.87374	0.82934	1.65334	88.4909
0.87394	0.82956	1.65399	88.5107
0.87414	0.82977	1.65463	88.5305
0.87434	0.82998	1.65528	88.5503
0.87455	0.83019	1.65593	88.5711
0.87475	0.83041	1.65658	88.5910
0.87495	0.83062	1.65723	88.6108
0.87515	0.83083	1.65789	88.6306
0.87535	0.83105	1.65854	88.6504
0.87556	0.83126	1.65920	88.6712
0.87576	0.83147	1.65986	88.6910
0.87596	0.83169	1.66052	88.7108
0.87616	0.83190	1.66118	88.7306
0.87636	0.83212	1.66185	88.7504
0.87657	0.83233	1.66251	88.7713
0.87677	0.83255	1.66318	88.7911
0.87697	0.83276	1.66385	88.8109
0.87717	0.83298	1.66452	88.8307
0.87737	0.83319	1.66520	88.8505
0.87758	0.83341	1.66587	88.8713
0.87778	0.83362	1.66655	88.8911
0.87798	0.83384	1.66723	88.9109
0.87818	0.83405	1.66790	88.9307
0.87838	0.83427	1.66859	88.9505
0.87859	0.83449	1.66927	88.9713
0.87879	0.83470	1.66995	88.9911
0.87899	0.83492	1.67064	89.0109
0.87919	0.83514	1.67133	89.0307
0.87939	0.83535	1.67202	89.0504
0.87960	0.83557	1.67271	89.0713
0.87980	0.83579	1.67341	89.0910
0.88000	0.83601	1.67410	89.1108
0.88020	0.83622	1.67480	89.1306
0.88040	0.83644	1.67550	89.1504
0.88061	0.83666	1.67620	89.1712
0.88081	0.83688	1.67691	89.1910
0.88101	0.83710	1.67761	89.2108
0.88121	0.83731	1.67832	89.2305
0.88141	0.83753	1.67903	89.2503
0.88162	0.83775	1.67974	89.2711
0.88182	0.83797	1.68045	89.2909
0.88202	0.83819	1.68117	89.3107
0.88222	0.83841	1.68188	89.3304
0.88242	0.83863	1.68260	89.3502
0.88263	0.83885	1.68332	89.3710
0.88283	0.83907	1.68404	89.3908
0.88303	0.83929	1.68477	89.4106
0.88323	0.83951	1.68549	89.4303
0.88343	0.83973	1.68622	89.4501
0.88364	0.83995	1.68695	89.4709
0.88384	0.84017	1.68768	89.4906
0.88404	0.84039	1.68842	89.5104
0.88424	0.84061	1.68916	89.5302
0.88444	0.84084	1.68989	89.5499
0.88465	0.84106	1.69063	89.5707
0.88485	0.84128	1.69138	89.5905
0.88505	0.84150	1.69212	89.6102
0.88525	0.84172	1.69287	89.6300
0.88545	0.84195	1.69361	89.6497
0.88566	0.84217	1.69437	89.6705
0.88586	0.84239	1.69512	89.6903
0.88606	0.84261	1.69588	89.7100
0.88626	0.84284	1.69663	89.7298
0.88646	0.84306	1.69739	89.7495
0.88667	0.84328	1.69815	89.7703
0.88687	0.84351	1.69891	89.7900
0.88707	0.84373	1.69968	89.8098
0.88727	0.84396	1.70045	89.8295
0.88747	0.84418	1.70122	89.8493
0.88768	0.84440	1.70199	89.8700
0.88788	0.84463	1.70276	89.8898
0.88808	0.84485	1.70354	89.9095
0.88828	0.84508	1.70432	89.9293
0.88848	0.84530	1.70510	89.9490
0.88869	0.84553	1.70588	89.9698
0.88889	0.84576	1.70667	89.9895
0.88909	0.84598	1.70746	90.0092
0.88929	0.84621	1.70824	90.0290
0.88949	0.84643	1.70904	90.0487
0.88970	0.84666	1.70983	90.0695
0.88990	0.84689	1.71063	90.0892
0.89010	0.84711	1.71143	90.1089
0.89030	0.84734	1.71223	90.1287
0.89051	0.84757	1.71303	90.1494
0.89071	0.84779	1.71384	90.1691
0.89091	0.84802	1.71464	90.1888
0.89111	0.84825	1.71546	90.2086
0.89131	0.84848	1.71627	90.2283
0.89152	0.84871	1.71708	90.2490
0.89172	0.84893	1.71790	90.2687
0.89192	0.84916	1.71872	90.2885
0.89212	0.84939	1.71955	90.3082
0.89232	0.84962	1.72037	90.3279
0.89253	0.84985	1.72120	90.3486
0.89273	0.85008	1.72203	90.3683
0.89293	0.85031	1.72286	90.3881
0.89313	0.85054	1.72369	90.4078
0.89333	0.85077	1.72453	90.4275
0.89354	0.85100	1.72537	90.4482
0.89374	0.85123	1.72621	90.4679
0.89394	0.85146	1.72706	90.4876
0.89414	0.85169	1.72790	90.5073
0.89434	0.85192	1.72875	90.5270
0.89455	0.85215	1.72961	90.5477
0.89475	0.85238	1.73046	90.5674
0.89495	0.85262	1.73132	90.5871
0.89515	0.85285	1.73218	90.6068
0.89535	0.85308	1.73304	90.6265
0.89556	0.85331	1.73391	90.6472
0.89576	0.85354	1.73478	90.6669
0.89596	0.85378	1.73565	90.6866
0.89616	0.85401	1.73652	90.7063
0.89636	0.85424	1.73740	90.7260
0.89657	0.85448	1.73828	90.7467
0.89677	0.85471	1.73916	90.7664
0.89697	0.85494	1.74004	90.7861
0.89717	0.85518	1.74093	90.8058
0.89737	0.85541	1.74182	90.8254
0.89758	0.85565	1.74271	90.8461
0.89778	0.85588	1.74361	90.8658
0.89798	0.85611	1.74451	90.8855
0.89818	0.85635	1.74541	90.9052
0.89838	0.85658	1.74631	90.9249
0.89859	0.85682	1.74722	90.9455
0.89879	0.85706	1.74813	90.9652
0.89899	0.85729	1.74904	90.9849
0.89919	0.85753	1.74996	91.0046
0.89939	0.85776	1.75087	91.0242
0.89960	0.85800	1.75180	91.0449
0.89980	0.85824	1.75272	91.0646
0.90000	0.85847	1.75365	91.0842
0.90010	0.85859	1.75411	91.0941
0.90020	0.85871	1.75458	91.1039
0.90030	0.85883	1.75505	91.1137
0.90040	0.85895	1.75551	91.1236
0.90051	0.85907	1.75598	91.1344
0.90061	0.85919	1.75645	91.1442
0.90071	0.85930	1.75692	91.1541
0.90081	0.85942	1.75739	91.1639
0.90091	0.85954	1.75786	91.1737
0.90101	0.85966	1.75833	91.1835
0.90111	0.85978	1.75880	91.1934
0.90121	0.85990	1.75928	91.2032
0.90131	0.86002	1.75975	91.2130
0.90141	0.86014	1.76022	91.2229
0.90152	0.86026	1.76070	91.2337
0.90162	0.86038	1.76118	91.2435
0.90172	0.86050	1.76165	91.2533
0.90182	0.86061	1.76213	91.2632
0.90192	0.86073	1.76261	91.2730
0.90202	0.86085	1.76308	91.2828
0.90212	0.86097	1.76357	91.2926
0.90222	0.86109	1.76405	91.3025
0.90232	0.86121	1.76453	91.3123
0.90242	0.86133	1.76501	91.3221
0.90253	0.86145	1.76549	91.3329
0.90263	0.86157	1.76598	91.3428
0.90273	0.86169	1.76646	91.3526
0.90283	0.86181	1.76695	91.3624
0.90293	0.86193	1.76743	91.3722
0.90303	0.86205	1.76792	91.3820
0.90313	0.86217	1.76841	91.3919
0.90323	0.86229	1.76890	91.4017
0.90333	0.86241	1.76939	91.4115
0.90343	0.86253	1.76988	91.4213
0.90354	0.86265	1.77037	91.4322
0.90364	0.86277	1.77086	91.4420
0.90374	0.86289	1.77135	91.4518
0.90384	0.86302	1.77185	91.4616
0.90394	0.86314	1.77234	91.4714
0.90404	0.86326	1.77284	91.4812
0.90414	0.86338	1.77333	91.4911
0.90424	0.86350	1.77383	91.5009
0.90434	0.86362	1.77433	91.5107
0.90444	0.86374	1.77483	91.5205
0.90455	0.86386	1.77533	91.5313
0.90465	0.86398	1.77583	91.5411
0.90475	0.86410	1.77633	91.5510
0.90485	0.86422	1.77683	91.5608
0.90495	0.86434	1.77733	91.5706
0.90505	0.86447	1.77783	91.5804
0.90515	0.86459	1.77834	91.5902
0.90525	0.86471	1.77885	91.6000
0.90535	0.86483	1.77935	91.6098
0.90545	0.86495	1.77986	91.6196
0.90556	0.86507	1.78037	91.6305
0.90566	0.86519	1.78088	91.6403
0.90576	0.86532	1.78138	91.6501
0.90586	0.86544	1.78190	91.6599
0.90596	0.86556	1.78241	91.6697
0.90606	0.86568	1.78292	91.6795
0.90616	0.86580	1.78343	91.6893
0.90626	0.86592	1.78395	91.6991
0.90636	0.86605	1.78446	91.7089
0.90646	0.86617	1.78498	91.7187
0.90657	0.86629	1.78549	91.7296
0.90667	0.86641	1.78601	91.7394
0.90677	0.86653	1.78653	91.7492
0.90687	0.86666	1.78705	91.7590
0.90697	0.86678	1.78757	91.7688
0.90707	0.86690	1.78809	91.7786
0.90717	0.86702	1.78861	91.7884
0.90727	0.86715	1.78913	91.7982
0.90737	0.86727	1.78966	91.8080
0.90747	0.86739	1.79018	91.8178
0.90758	0.86751	1.79071	91.8286
0.90768	0.86764	1.79123	91.8384
0.90778	0.86776	1.79176	91.8482
0.90788	0.86788	1.79229	91.8580
0.90798	0.86801	1.79282	91.8678
0.90808	0.86813	1.79335	91.8776
0.90818	0.86825	1.79388	91.8874
0.90828	0.86837	1.79441	91.8972
0.90838	0.86850	1.79495	91.9070
0.90848	0.86862	1.79548	91.9168
0.90859	0.86874	1.79601	91.9276
0.90869	0.86887	1.79655	91.9374
0.90879	0.86899	1.79709	91.9472
0.90889	0.86911	1.79762	91.9570
0.90899	0.86924	1.79816	91.9668
0.90909	0.86936	1.79870	91.9766
0.90919	0.86948	1.79924	91.9864
0.90929	0.86961	1.79978	91.9962
0.90939	0.86973	1.80033	92.0060
0.90949	0.86985	1.80087	92.0158
0.90960	0.86998	1.80141	92.0266
0.90970	0.87010	1.80196	92.0364
0.90980	0.87023	1.80251	92.0462
0.90990	0.87035	1.80305	92.0559
0.91000	0.87047	1.80360	92.0657
0.91010	0.87060	1.80415	92.0755
0.91020	0.87072	1.80470	92.0853
0.91030	0.87085	1.80525	92.0951
0.91040	0.87097	1.80581	92.1049
0.91051	0.87110	1.80636	92.1157
0.91061	0.87122	1.80691	92.1255
0.91071	0.87134	1.80747	92.1353
0.91081	0.87147	1.80802	92.1451
0.91091	0.87159	1.80858	92.1549
0.91101	0.87172	1.80914	92.1646
0.91111	0.87184	1.80970	92.1744
0.91121	0.87197	1.81026	92.1842
0.91131	0.87209	1.81082	92.1940
0.91141	0.87222	1.81138	92.2038
0.91152	0.87234	1.81194	92.2146
0.91162	0.87247	1.81251	92.2244
0.91172	0.87259	1.81307	92.2341
0.91182	0.87272	1.81364	92.2439
0.91192	0.87284	1.81421	92.2537
0.91202	0.87297	1.81478	92.2635
0.91212	0.87309	1.81534	92.2733
0.91222	0.87322	1.81591	92.2831
0.91232	0.87334	1.81649	92.2928
0.91242	0.87347	1.81706	92.3026
0.91253	0.87359	1.81763	92.3134
0.91263	0.87372	1.81821	92.3232
0.91273	0.87385	1.81878	92.3330
0.91283	0.87397	1.81936	92.3427
0.91293	0.87410	1.81994	92.3525
0.91303	0.87422	1.82052	92.3623
0.91313	0.87435	1.82110	92.3721
0.91323	0.87447	1.82168	92.3818
0.91333	0.87460	1.82226	92.3916
0.91343	0.87473	1.82284	92.4014
0.91354	0.87485	1.82343	92.4122
0.91364	0.87498	1.82401	92.4220
0.91374	0.87510	1.82460	92.4317
0.91384	0.87523	1.82519	92.4415
0.91394	0.87536	1.82577	92.4513
0.91404	0.87548	1.82636	92.4611
0.91414	0.87561	1.82695	92.4708
0.91424	0.87574	1.82754	92.4806
0.91434	0.87586	1.82814	92.4904
0.91444	0.87599	1.82873	92.5001
0.91455	0.87612	1.82933	92.5109
0.91465	0.87624	1.82992	92.5207
0.91475	0.87637	1.83052	92.5305
0.91485	0.87650	1.83112	92.5402
0.91495	0.87662	1.83172	92.5500
0.91505	0.87675	1.83232	92.5598
0.91515	0.87688	1.83292	92.5695
0.91525	0.87701	1.83353	92.5793
0.91535	0.87713	1.83413	92.5891
0.91545	0.87726	1.83473	92.5988
0.91556	0.87739	1.83534	92.6096
0.91566	0.87751	1.83595	92.6194
0.91576	0.87764	1.83656	92.6291
0.91586	0.87777	1.83717	92.6389
0.91596	0.87790	1.83778	92.6487
0.91606	0.87802	1.83839	92.6584
0.91616	0.87815	1.83901	92.6682
0.91626	0.87828	1.83962	92.6779
0.91636	0.87841	1.84023	92.6877
0.91646	0.87854	1.84085	92.6975
0.91657	0.87866	1.84147	92.7082
0.91667	0.87879	1.84209	92.7180
0.91677	0.87892	1.84271	92.7278
0.91687	0.87905	1.84333	92.7375
0.91697	0.87918	1.84396	92.7473
0.91707	0.87930	1.84458	92.7570
0.91717	0.87943	1.84520	92.7668
0.91727	0.87956	1.84583	92.7765
0.91737	0.87969	1.84646	92.7863
0.91747	0.87982	1.84709	92.7960
0.91758	0.87995	1.84772	92.8068
0.91768	0.88007	1.84835	92.8166
0.91778	0.88020	1.84898	92.8263
0.91788	0.88033	1.84962	92.8361
0.91798	0.88046	1.85025	92.8458
0.91808	0.88059	1.85089	92.8556
0.91818	0.88072	1.85152	92.8653
0.91828	0.88085	1.85216	92.8751
0.91838	0.88098	1.85280	92.8848
0.91848	0.88111	1.85345	92.8946
0.91859	0.88124	1.85409	92.9053
0.91869	0.88136	1.85473	92.9151
0.91879	0.88149	1.85537	92.9248
0.91889	0.88162	1.85602	92.9346
0.91899	0.88175	1.85667	92.9443
0.91909	0.88188	1.85732	92.9541
0.91919	0.88201	1.85797	92.9638
0.91929	0.88214	1.85862	92.9736
0.91939	0.88227	1.85927	92.9833
0.91949	0.88240	1.85993	92.9931
0.91960	0.88253	1.86058	93.0038
0.91970	0.88266	1.86124	93.0136
0.91980	0.88279	1.86190	93.0233
0.91990	0.88292	1.86256	93.0330
0.92000	0.88305	1.86322	93.0428
0.92010	0.88318	1.86388	93.0525
0.92020	0.88331	1.86454	93.0623
0.92030	0.88344	1.86521	93.0720
0.92040	0.88357	1.86588	93.0817
0.92051	0.88370	1.86654	93.0925
0.92061	0.88383	1.86721	93.1022
0.92071	0.88396	1.86788	93.1120
0.92081	0.88409	1.86855	93.1217
0.92091	0.88422	1.86922	93.1314
0.92101	0.88435	1.86990	93.1412
0.92111	0.88448	1.87057	93.1509
0.92121	0.88462	1.87125	93.1606
0.92131	0.88475	1.87193	93.1704
0.92141	0.88488	1.87261	93.1801
0.92152	0.88501	1.87329	93.1909
0.92162	0.88514	1.87397	93.2006
0.92172	0.88527	1.87465	93.2103
0.92182	0.88540	1.87534	93.2201
0.92192	0.88553	1.87603	93.2298
0.92202	0.88566	1.87672	93.2395
0.92212	0.88580	1.87740	93.2492
0.92222	0.88593	1.87810	93.2590
0.92232	0.88606	1.87879	93.2687
0.92242	0.88619	1.87948	93.2784
0.92253	0.88632	1.88018	93.2892
0.92263	0.88645	1.88087	93.2989
0.92273	0.88659	1.88157	93.3086
0.92283	0.88672	1.88227	93.3183
0.92293	0.88685	1.88297	93.3281
0.92303	0.88698	1.88368	93.3378
0.92313	0.88711	1.88438	93.3475
0.92323	0.88725	1.88508	93.3572
0.92333	0.88738	1.88579	93.3670
0.92343	0.88751	1.88650	93.3767
0.92354	0.88764	1.88720	93.3874
0.92364	0.88777	1.88792	93.3971
0.92374	0.88791	1.88863	93.4069
0.92384	0.88804	1.88935	93.4166
0.92394	0.88817	1.89006	93.4263
0.92404	0.88830	1.89078	93.4360
0.92414	0.88844	1.89149	93.4457
0.92424	0.88857	1.89222	93.4554
0.92434	0.88870	1.89294	93.4652
0.92444	0.88884	1.89366	93.4749
0.92455	0.88897	1.89439	93.4856
0.92465	0.88910	1.89511	93.4953
0.92475	0.88923	1.89584	93.5050
0.92485	0.88937	1.89657	93.5147
0.92495	0.88950	1.89730	93.5245
0.92505	0.88963	1.89803	93.5342
0.92515	0.88977	1.89877	93.5439
0.92525	0.88990	1.89950	93.5536
0.92535	0.89003	1.90024	93.5633
0.92545	0.89017	1.90098	93.5730
0.92556	0.89030	1.90172	93.5837
0.92566	0.89043	1.90246	93.5934
0.92576	0.89057	1.90320	93.6031
0.92586	0.89070	1.90395	93.6128
0.92596	0.89084	1.90469	93.6226
0.92606	0.89097	1.90544	93.6323
0.92616	0.89110	1.90619	93.6420
0.92626	0.89124	1.90694	93.6517
0.92636	0.89137	1.90770	93.6614
0.92646	0.89151	1.90846	93.6711
0.92657	0.89164	1.90921	93.6818
0.92667	0.89177	1.90997	93.6915
0.92677	0.89191	1.91072	93.7012
0.92687	0.89204	1.91149	93.7109
0.92697	0.89218	1.91225	93.7206
0.92707	0.89231	1.91302	93.7303
0.92717	0.89245	1.91378	93.7400
0.92727	0.89258	1.91455	93.7497
0.92737	0.89272	1.91532	93.7594
0.92747	0.89285	1.91609	93.7691
0.92758	0.89299	1.91687	93.7798
0.92768	0.89312	1.91764	93.7895
0.92778	0.89326	1.91841	93.7992
0.92788	0.89339	1.91920	93.8089
0.92798	0.89353	1.91998	93.8186
0.92808	0.89366	1.92076	93.8283
0.92818	0.89380	1.92154	93.8379
0.92828	0.89393	1.92232	93.8476
0.92838	0.89407	1.92311	93.8573
0.92848	0.89420	1.92390	93.8670
0.92859	0.89434	1.92469	93.8777
0.92869	0.89447	1.92548	93.8874
0.92879	0.89461	1.92628	93.8971
0.92889	0.89475	1.92707	93.9068
0.92899	0.89488	1.92787	93.9165
0.92909	0.89502	1.92867	93.9262
0.92919	0.89515	1.92947	93.9358
0.92929	0.89529	1.93027	93.9455
0.92939	0.89542	1.93107	93.9552
0.92949	0.89556	1.93189	93.9649
0.92960	0.89570	1.93269	93.9756
0.92970	0.89583	1.93350	93.9853
0.92980	0.89597	1.93431	93.9949
0.92990	0.89611	1.93513	94.0046
0.93000	0.89624	1.93594	94.0143
0.93010	0.89638	1.93676	94.0240
0.93020	0.89652	1.93758	94.0337
0.93030	0.89665	1.93840	94.0433
0.93040	0.89679	1.93923	94.0530
0.93051	0.89693	1.94005	94.0637
0.93061	0.89706	1.94087	94.0734
0.93071	0.89720	1.94170	94.0830
0.93081	0.89734	1.94253	94.0927
0.93091	0.89747	1.94337	94.1024
0.93101	0.89761	1.94420	94.1121
0.93111	0.89775	1.94504	94.1217
0.93121	0.89789	1.94588	94.1314
0.93131	0.89802	1.94672	94.1411
0.93141	0.89816	1.94756	94.1507
0.93152	0.89830	1.94841	94.1614
0.93162	0.89843	1.94925	94.1711
0.93172	0.89857	1.95010	94.1808
0.93182	0.89871	1.95095	94.1904
0.93192	0.89885	1.95180	94.2001
0.93202	0.89899	1.95265	94.2098
0.93212	0.89912	1.95351	94.2194
0.93222	0.89926	1.95437	94.2291
0.93232	0.89940	1.95523	94.2387
0.93242	0.89954	1.95609	94.2484
0.93253	0.89968	1.95696	94.2591
0.93263	0.89981	1.95782	94.2687
0.93273	0.89995	1.95869	94.2784
0.93283	0.90009	1.95956	94.2881
0.93293	0.90023	1.96043	94.2977
0.93303	0.90037	1.96130	94.3074
0.93313	0.90051	1.96218	94.3170
0.93323	0.90064	1.96306	94.3267
0.93333	0.90078	1.96394	94.3363
0.93343	0.90092	1.96483	94.3460
0.93354	0.90106	1.96571	94.3567
0.93364	0.90120	1.96659	94.3663
0.93374	0.90134	1.96748	94.3760
0.93384	0.90148	1.96837	94.3856
0.93394	0.90162	1.96927	94.3953
0.93404	0.90175	1.97016	94.4049
0.93414	0.90189	1.97106	94.4146
0.93424	0.90203	1.97196	94.4242
0.93434	0.90217	1.97286	94.4339
0.93444	0.90231	1.97377	94.4435
0.93455	0.90245	1.97468	94.4542
0.93465	0.90259	1.97558	94.4638
0.93475	0.90273	1.97649	94.4735
0.93485	0.90287	1.97740	94.4831
0.93495	0.90301	1.97832	94.4927
0.93505	0.90315	1.97924	94.5024
0.93515	0.90329	1.98015	94.5120
0.93525	0.90343	1.98108	94.5217
0.93535	0.90357	1.98200	94.5313
0.93545	0.90371	1.98293	94.5409
0.93556	0.90385	1.98385	94.5516
0.93566	0.90399	1.98479	94.5612
0.93576	0.90413	1.98572	94.5709
0.93586	0.90427	1.98665	94.5805
0.93596	0.90441	1.98759	94.5901
0.93606	0.90455	1.98853	94.5998
0.93616	0.90469	1.98947	94.6094
0.93626	0.90483	1.99042	94.6190
0.93636	0.90497	1.99136	94.6287
0.93646	0.90511	1.99232	94.6383
0.93657	0.90525	1.99327	94.6489
0.93667	0.90539	1.99422	94.6586
0.93677	0.90554	1.99518	94.6682
0.93687	0.90568	1.99614	94.6778
0.93697	0.90582	1.99710	94.6874
0.93707	0.90596	1.99806	94.6971
0.93717	0.90610	1.99903	94.7067
0.93727	0.90624	2.00000	94.7163
0.93737	0.90638	2.00097	94.7259
0.93747	0.90652	2.00194	94.7356
0.93758	0.90666	2.00292	94.7462
0.93768	0.90681	2.00389	94.7558
0.93778	0.90695	2.00488	94.7654
0.93788	0.90709	2.00586	94.7751
0.93798	0.90723	2.00684	94.7847
0.93808	0.90737	2.00783	94.7943
0.93818	0.90751	2.00882	94.8039
0.93828	0.90766	2.00982	94.8135
0.93838	0.90780	2.01081	94.8231
0.93848	0.90794	2.01181	94.8327
0.93859	0.90808	2.01281	94.8434
0.93869	0.90822	2.01382	94.8530
0.93879	0.90837	2.01482	94.8626
0.93889	0.90851	2.01583	94.8722
0.93899	0.90865	2.01684	94.8818
0.93909	0.90879	2.01785	94.8914
0.93919	0.90894	2.01887	94.9010
0.93929	0.90908	2.01989	94.9106
0.93939	0.90922	2.02091	94.9202
0.93949	0.90936	2.02193	94.9298
0.93960	0.90951	2.02296	94.9405
0.93970	0.90965	2.02399	94.9501
0.93980	0.90979	2.02503	94.9597
0.93990	0.90994	2.02606	94.9693
0.94000	0.91008	2.02710	94.9789
0.94010	0.91022	2.02814	94.9885
0.94020	0.91036	2.02918	94.9981
0.94030	0.91051	2.03023	95.0077
0.94040	0.91065	2.03127	95.0173
0.94051	0.91079	2.03233	95.0279
0.94061	0.91094	2.03338	95.0375
0.94071	0.91108	2.03444	95.0471
0.94081	0.91122	2.03550	95.0566
0.94091	0.91137	2.03656	95.0662
0.94101	0.91151	2.03763	95.0758
0.94111	0.91166	2.03870	95.0854
0.94121	0.91180	2.03977	95.0950
0.94131	0.91194	2.04084	95.1046
0.94141	0.91209	2.04191	95.1142
0.94152	0.91223	2.04299	95.1248
0.94162	0.91237	2.04408	95.1344
0.94172	0.91252	2.04516	95.1440
0.94182	0.91266	2.04626	95.1535
0.94192	0.91281	2.04735	95.1631
0.94202	0.91295	2.04844	95.1727
0.94212	0.91310	2.04953	95.1823
0.94222	0.91324	2.05064	95.1919
0.94232	0.91338	2.05174	95.2014
0.94242	0.91353	2.05285	95.2110
0.94253	0.91367	2.05396	95.2216
0.94263	0.91382	2.05507	95.2312
0.94273	0.91396	2.05618	95.2408
0.94283	0.91411	2.05730	95.2503
0.94293	0.91425	2.05842	95.2599
0.94303	0.91440	2.05955	95.2695
0.94313	0.91454	2.06068	95.2790
0.94323	0.91469	2.06181	95.2886
0.94333	0.91483	2.06294	95.2982
0.94343	0.91498	2.06407	95.3077
0.94354	0.91512	2.06521	95.3183
0.94364	0.91527	2.06636	95.3279
0.94374	0.91541	2.06750	95.3375
0.94384	0.91556	2.06866	95.3470
0.94394	0.91571	2.06981	95.3566
0.94404	0.91585	2.07097	95.3661
0.94414	0.91600	2.07212	95.3757
0.94424	0.91614	2.07328	95.3853
0.94434	0.91629	2.07445	95.3948
0.94444	0.91643	2.07562	95.4044
0.94455	0.91658	2.07679	95.4149
0.94465	0.91673	2.07797	95.4245
0.94475	0.91687	2.07915	95.4341
0.94485	0.91702	2.08033	95.4436
0.94495	0.91716	2.08151	95.4532
0.94505	0.91731	2.08270	95.4627
0.94515	0.91746	2.08389	95.4723
0.94525	0.91760	2.08509	95.4818
0.94535	0.91775	2.08629	95.4914
0.94545	0.91790	2.08749	95.5009
0.94556	0.91804	2.08870	95.5115
0.94566	0.91819	2.08991	95.5210
0.94576	0.91834	2.09112	95.5306
0.94586	0.91848	2.09233	95.5401
0.94596	0.91863	2.09355	95.5496
0.94606	0.91878	2.09478	95.5592
0.94616	0.91892	2.09601	95.5687
0.94626	0.91907	2.09724	95.5783
0.94636	0.91922	2.09847	95.5878
0.94646	0.91936	2.09971	95.5973
0.94657	0.91951	2.10095	95.6079
0.94667	0.91966	2.10219	95.6174
0.94677	0.91981	2.10344	95.6270
0.94687	0.91995	2.10469	95.6365
0.94697	0.92010	2.10595	95.6460
0.94707	0.92025	2.10721	95.6555
0.94717	0.92040	2.10847	95.6651
0.94727	0.92054	2.10973	95.6746
0.94737	0.92069	2.11101	95.6841
0.94747	0.92084	2.11228	95.6937
0.94758	0.92099	2.11355	95.7042
0.94768	0.92113	2.11484	95.7137
0.94778	0.92128	2.11612	95.7232
0.94788	0.92143	2.11741	95.7328
0.94798	0.92158	2.11870	95.7423
0.94808	0.92173	2.12000	95.7518
0.94818	0.92188	2.12131	95.7613
0.94828	0.92202	2.12261	95.7708
0.94838	0.92217	2.12392	95.7804
0.94848	0.92232	2.12523	95.7899
0.94859	0.92247	2.12655	95.8004
0.94869	0.92262	2.12786	95.8099
0.94879	0.92277	2.12919	95.8194
0.94889	0.92291	2.13052	95.8289
0.94899	0.92306	2.13185	95.8384
0.94909	0.92321	2.13319	95.8479
0.94919	0.92336	2.13453	95.8574
0.94929	0.92351	2.13588	95.8669
0.94939	0.92366	2.13722	95.8765
0.94949	0.92381	2.13857	95.8860
0.94960	0.92396	2.13993	95.8965
0.94970	0.92411	2.14130	95.9060
0.94980	0.92425	2.14266	95.9155
0.94990	0.92440	2.14403	95.9250
0.95000	0.92455	2.14540	95.9345
0.95010	0.92470	2.14678	95.9440
0.95020	0.92485	2.14816	95.9535
0.95030	0.92500	2.14954	95.9629
0.95040	0.92515	2.15094	95.9724
0.95051	0.92530	2.15233	95.9829
0.95061	0.92545	2.15373	95.9924
0.95071	0.92560	2.15514	96.0019
0.95081	0.92575	2.15655	96.0114
0.95091	0.92590	2.15795	96.0209
0.95101	0.92605	2.15937	96.0304
0.95111	0.92620	2.16079	96.0399
0.95121	0.92635	2.16222	96.0493
0.95131	0.92650	2.16365	96.0588
0.95141	0.92665	2.16508	96.0683
0.95152	0.92680	2.16652	96.0788
0.95162	0.92695	2.16797	96.0883
0.95172	0.92710	2.16942	96.0977
0.95182	0.92725	2.17087	96.1072
0.95192	0.92740	2.17233	96.1167
0.95202	0.92755	2.17379	96.1262
0.95212	0.92770	2.17526	96.1356
0.95222	0.92785	2.17672	96.1451
0.95232	0.92800	2.17820	96.1546
0.95242	0.92815	2.17969	96.1640
0.95253	0.92830	2.18117	96.1745
0.95263	0.92845	2.18266	96.1840
0.95273	0.92861	2.18416	96.1934
0.95283	0.92876	2.18566	96.2029
0.95293	0.92891	2.18716	96.2124
0.95303	0.92906	2.18867	96.2218
0.95313	0.92921	2.19019	96.2313
0.95323	0.92936	2.19171	96.2407
0.95333	0.92951	2.19323	96.2502
0.95343	0.92966	2.19477	96.2596
0.95354	0.92981	2.19630	96.2701
0.95364	0.92997	2.19783	96.2796
0.95374	0.93012	2.19939	96.2890
0.95384	0.93027	2.20093	96.2985
0.95394	0.93042	2.20249	96.3079
0.95404	0.93057	2.20405	96.3173
0.95414	0.93072	2.20561	96.3268
0.95424	0.93088	2.20719	96.3362
0.95434	0.93103	2.20876	96.3457
0.95444	0.93118	2.21034	96.3551
0.95455	0.93133	2.21193	96.3656
0.95465	0.93148	2.21352	96.3750
0.95475	0.93163	2.21512	96.3844
0.95485	0.93179	2.21672	96.3939
0.95495	0.93194	2.21833	96.4033
0.95505	0.93209	2.21994	96.4127
0.95515	0.93224	2.22156	96.4222
0.95525	0.93240	2.22319	96.4316
0.95535	0.93255	2.22482	96.4410
0.95545	0.93270	2.22645	96.4504
0.95556	0.93285	2.22810	96.4609
0.95566	0.93300	2.22974	96.4703
0.95576	0.93316	2.23140	96.4797
0.95586	0.93331	2.23305	96.4891
0.95596	0.93346	2.23472	96.4986
0.95606	0.93362	2.23639	96.5080
0.95616	0.93377	2.23806	96.5174
0.95626	0.93392	2.23974	96.5268
0.95636	0.93407	2.24143	96.5362
0.95646	0.93423	2.24312	96.5456
0.95657	0.93438	2.24482	96.5561
0.95667	0.93453	2.24653	96.5655
0.95677	0.93469	2.24824	96.5749
0.95687	0.93484	2.24995	96.5843
0.95697	0.93499	2.25167	96.5937
0.95707	0.93514	2.25340	96.6031
0.95717	0.93530	2.25514	96.6125
0.95727	0.93545	2.25688	96.6219
0.95737	0.93560	2.25862	96.6313
0.95747	0.93576	2.26038	96.6407
0.95758	0.93591	2.26214	96.6511
0.95768	0.93607	2.26391	96.6605
0.95778	0.93622	2.26568	96.6699
0.95788	0.93637	2.26746	96.6793
0.95798	0.93653	2.26924	96.6886
0.95808	0.93668	2.27103	96.6980
0.95818	0.93683	2.27283	96.7074
0.95828	0.93699	2.27464	96.7168
0.95838	0.93714	2.27645	96.7262
0.95848	0.93730	2.27827	96.7356
0.95859	0.93745	2.28008	96.7460
0.95869	0.93760	2.28191	96.7553
0.95879	0.93776	2.28376	96.7647
0.95889	0.93791	2.28561	96.7741
0.95899	0.93807	2.28745	96.7835
0.95909	0.93822	2.28931	96.7928
0.95919	0.93837	2.29117	96.8022
0.95929	0.93853	2.29304	96.8116
0.95939	0.93868	2.29493	96.8209
0.95949	0.93884	2.29681	96.8303
0.95960	0.93899	2.29871	96.8407
0.95970	0.93915	2.30060	96.8500
0.95980	0.93930	2.30251	96.8594
0.95990	0.93945	2.30442	96.8687
0.96000	0.93961	2.30634	96.8781
0.96010	0.93976	2.30828	96.8875
0.96020	0.93992	2.31020	96.8968
0.96030	0.94007	2.31215	96.9062
0.96040	0.94023	2.31410	96.9155
0.96051	0.94038	2.31606	96.9259
0.96061	0.94054	2.31802	96.9352
0.96071	0.94069	2.31999	96.9446
0.96081	0.94085	2.32197	96.9539
0.96091	0.94100	2.32395	96.9632
0.96101	0.94116	2.32596	96.9726
0.96111	0.94131	2.32796	96.9819
0.96121	0.94147	2.32997	96.9913
0.96131	0.94162	2.33198	97.0006
0.96141	0.94178	2.33401	97.0099
0.96152	0.94193	2.33605	97.0203
0.96162	0.94209	2.33809	97.0296
0.96172	0.94224	2.34013	97.0389
0.96182	0.94240	2.34220	97.0482
0.96192	0.94256	2.34426	97.0576
0.96202	0.94271	2.34634	97.0669
0.96212	0.94287	2.34841	97.0762
0.96222	0.94302	2.35051	97.0855
0.96232	0.94318	2.35260	97.0948
0.96242	0.94333	2.35471	97.1042
0.96253	0.94349	2.35683	97.1145
0.96263	0.94365	2.35895	97.1238
0.96273	0.94380	2.36108	97.1331
0.96283	0.94396	2.36322	97.1424
0.96293	0.94411	2.36537	97.1517
0.96303	0.94427	2.36753	97.1610
0.96313	0.94442	2.36970	97.1703
0.96323	0.94458	2.37187	97.1796
0.96333	0.94474	2.37405	97.1889
0.96343	0.94489	2.37625	97.1982
0.96354	0.94505	2.37845	97.2085
0.96364	0.94520	2.38066	97.2178
0.96374	0.94536	2.38287	97.2271
0.96384	0.94552	2.38511	97.2364
0.96394	0.94567	2.38735	97.2457
0.96404	0.94583	2.38959	97.2549
0.96414	0.94599	2.39184	97.2642
0.96424	0.94614	2.39412	97.2735
0.96434	0.94630	2.39639	97.2828
0.96444	0.94646	2.39868	97.2921
0.96455	0.94661	2.40097	97.3023
0.96465	0.94677	2.40328	97.3116
0.96475	0.94692	2.40558	97.3209
0.96485	0.94708	2.40791	97.3301
0.96495	0.94724	2.41024	97.3394
0.96505	0.94739	2.41259	97.3487
0.96515	0.94755	2.41494	97.3579
0.96525	0.94771	2.41730	97.3672
0.96535	0.94786	2.41967	97.3765
0.96545	0.94802	2.42206	97.3857
0.96556	0.94818	2.42445	97.3960
0.96566	0.94834	2.42686	97.4052
0.96576	0.94849	2.42928	97.4145
0.96586	0.94865	2.43170	97.4237
0.96596	0.94881	2.43412	97.4330
0.96606	0.94896	2.43657	97.4422
0.96616	0.94912	2.43902	97.4515
0.96626	0.94928	2.44151	97.4607
0.96636	0.94943	2.44398	97.4699
0.96646	0.94959	2.44647	97.4792
0.96657	0.94975	2.44897	97.4894
0.96667	0.94991	2.45147	97.4986
0.96677	0.95006	2.45399	97.5079
0.96687	0.95022	2.45652	97.5171
0.96697	0.95038	2.45908	97.5263
0.96707	0.95053	2.46163	97.5355
0.96717	0.95069	2.46419	97.5448
0.96727	0.95085	2.46678	97.5540
0.96737	0.95101	2.46936	97.5632
0.96747	0.95116	2.47197	97.5724
0.96758	0.95132	2.47458	97.5826
0.96768	0.95148	2.47720	97.5918
0.96778	0.95164	2.47984	97.6010
0.96788	0.95179	2.48248	97.6102
0.96798	0.95195	2.48515	97.6194
0.96808	0.95211	2.48783	97.6286
0.96818	0.95227	2.49051	97.6378
0.96828	0.95242	2.49322	97.6470
0.96838	0.95258	2.49592	97.6562
0.96848	0.95274	2.49864	97.6654
0.96859	0.95290	2.50139	97.6756
0.96869	0.95305	2.50412	97.6848
0.96879	0.95321	2.50689	97.6940
0.96889	0.95337	2.50967	97.7031
0.96899	0.95353	2.51246	97.7123
0.96909	0.95369	2.51526	97.7215
0.96919	0.95384	2.51806	97.7307
0.96929	0.95400	2.52089	97.7398
0.96939	0.95416	2.52374	97.7490
0.96949	0.95432	2.52659	97.7582
0.96960	0.95448	2.52946	97.7683
0.96970	0.95463	2.53234	97.7775
0.96980	0.95479	2.53524	97.7866
0.96990	0.95495	2.53815	97.7958
0.97000	0.95511	2.54108	97.8050
0.97010	0.95527	2.54401	97.8141
0.97020	0.95542	2.54697	97.8232
0.97030	0.95558	2.54993	97.8324
0.97040	0.95574	2.55291	97.8415
0.97051	0.95590	2.55591	97.8517
0.97061	0.95606	2.55892	97.8608
0.97071	0.95621	2.56194	97.8700
0.97081	0.95637	2.56500	97.8791
0.97091	0.95653	2.56805	97.8882
0.97101	0.95669	2.57112	97.8973
0.97111	0.95685	2.57420	97.9065
0.97121	0.95700	2.57730	97.9156
0.97131	0.95716	2.58043	97.9247
0.97141	0.95732	2.58356	97.9338
0.97152	0.95748	2.58671	97.9439
0.97162	0.95764	2.58987	97.9530
0.97172	0.95780	2.59307	97.9621
0.97182	0.95795	2.59626	97.9713
0.97192	0.95811	2.59947	97.9804
0.97202	0.95827	2.60271	97.9894
0.97212	0.95843	2.60595	97.9985
0.97222	0.95859	2.60921	98.0076
0.97232	0.95875	2.61251	98.0167
0.97242	0.95890	2.61580	98.0258
0.97253	0.95906	2.61911	98.0359
0.97263	0.95922	2.62246	98.0450
0.97273	0.95938	2.62580	98.0541
0.97283	0.95954	2.62918	98.0631
0.97293	0.95970	2.63256	98.0722
0.97303	0.95985	2.63596	98.0813
0.97313	0.96001	2.63940	98.0903
0.97323	0.96017	2.64283	98.0994
0.97333	0.96033	2.64630	98.1085
0.97343	0.96049	2.64977	98.1175
0.97354	0.96065	2.65329	98.1276
0.97364	0.96081	2.65679	98.1366
0.97374	0.96096	2.66034	98.1457
0.97384	0.96112	2.66389	98.1547
0.97394	0.96128	2.66748	98.1638
0.97404	0.96144	2.67106	98.1728
0.97414	0.96160	2.67469	98.1818
0.97424	0.96176	2.67832	98.1909
0.97434	0.96192	2.68198	98.1999
0.97444	0.96207	2.68565	98.2089
0.97455	0.96223	2.68936	98.2190
0.97465	0.96239	2.69307	98.2280
0.97475	0.96255	2.69682	98.2370
0.97485	0.96271	2.70057	98.2460
0.97495	0.96287	2.70437	98.2550
0.97505	0.96302	2.70816	98.2640
0.97515	0.96318	2.71200	98.2730
0.97525	0.96334	2.71583	98.2820
0.97535	0.96350	2.71972	98.2910
0.97545	0.96366	2.72360	98.3000
0.97556	0.96382	2.72753	98.3100
0.97566	0.96398	2.73146	98.3190
0.97576	0.96413	2.73543	98.3280
0.97586	0.96429	2.73941	98.3370
0.97596	0.96445	2.74343	98.3459
0.97606	0.96461	2.74745	98.3549
0.97616	0.96477	2.75152	98.3639
0.97626	0.96493	2.75560	98.3728
0.97636	0.96509	2.75972	98.3818
0.97646	0.96524	2.76384	98.3908
0.97657	0.96540	2.76801	98.4007
0.97667	0.96556	2.77218	98.4097
0.97677	0.96572	2.77641	98.4186
0.97687	0.96588	2.78063	98.4275
0.97697	0.96604	2.78491	98.4365
0.97707	0.96619	2.78918	98.4454
0.97717	0.96635	2.79349	98.4544
0.97727	0.96651	2.79784	98.4633
0.97737	0.96667	2.80220	98.4722
0.97747	0.96683	2.80662	98.4811
0.97758	0.96699	2.81103	98.4910
0.97768	0.96714	2.81547	98.5000
0.97778	0.96730	2.81998	98.5089
0.97788	0.96746	2.82448	98.5178
0.97798	0.96762	2.82901	98.5267
0.97808	0.96778	2.83360	98.5356
0.97818	0.96794	2.83819	98.5444
0.97828	0.96809	2.84281	98.5533
0.97838	0.96825	2.84746	98.5622
0.97848	0.96841	2.85217	98.5711
0.97859	0.96857	2.85689	98.5810
0.97869	0.96873	2.86163	98.5899
0.97879	0.96889	2.86641	98.5987
0.97889	0.96904	2.87122	98.6076
0.97899	0.96920	2.87610	98.6164
0.97909	0.96936	2.88098	98.6253
0.97919	0.96952	2.88589	98.6341
0.97929	0.96968	2.89083	98.6430
0.97939	0.96983	2.89581	98.6518
0.97949	0.96999	2.90083	98.6607
0.97960	0.97015	2.90588	98.6705
0.97970	0.97031	2.91097	98.6793
0.97980	0.97047	2.91609	98.6881
0.97990	0.97062	2.92125	98.6970
0.98000	0.97078	2.92645	98.7058
0.98010	0.97094	2.93169	98.7146
0.98020	0.97110	2.93696	98.7234
0.98030	0.97126	2.94224	98.7322
0.98040	0.97141	2.94759	98.7410
0.98051	0.97157	2.95299	98.7508
0.98061	0.97173	2.95842	98.7596
0.98071	0.97189	2.96389	98.7683
0.98081	0.97204	2.96937	98.7771
0.98091	0.97220	2.97493	98.7859
0.98101	0.97236	2.98053	98.7946
0.98111	0.97252	2.98613	98.8034
0.98121	0.97268	2.99182	98.8121
0.98131	0.97283	2.99751	98.8209
0.98141	0.97299	3.00328	98.8296
0.98152	0.97315	3.00907	98.8394
0.98162	0.97331	3.01493	98.8481
0.98172	0.97346	3.02081	98.8568
0.98182	0.97362	3.02673	98.8656
0.98192	0.97378	3.03273	98.8743
0.98202	0.97393	3.03875	98.8830
0.98212	0.97409	3.04482	98.8917
0.98222	0.97425	3.05093	98.9004
0.98232	0.97441	3.05713	98.9091
0.98242	0.97456	3.06335	98.9178
0.98253	0.97472	3.06962	98.9275
0.98263	0.97488	3.07594	98.9362
0.98273	0.97503	3.08231	98.9448
0.98283	0.97519	3.08874	98.9535
0.98293	0.97535	3.09522	98.9622
0.98303	0.97551	3.10176	98.9708
0.98313	0.97566	3.10831	98.9795
0.98323	0.97582	3.11496	98.9881
0.98333	0.97598	3.12167	98.9967
0.98343	0.97613	3.12844	99.0054
0.98354	0.97629	3.13522	99.0150
0.98364	0.97645	3.14211	99.0236
0.98374	0.97660	3.14902	99.0322
0.98384	0.97676	3.15603	99.0408
0.98394	0.97691	3.16306	99.0494
0.98404	0.97707	3.17020	99.0580
0.98414	0.97723	3.17736	99.0666
0.98424	0.97738	3.18459	99.0752
0.98434	0.97754	3.19188	99.0838
0.98444	0.97770	3.19924	99.0923
0.98455	0.97785	3.20672	99.1019
0.98465	0.97801	3.21422	99.1104
0.98475	0.97816	3.22179	99.1190
0.98485	0.97832	3.22939	99.1275
0.98495	0.97848	3.23711	99.1360
0.98505	0.97863	3.24490	99.1446
0.98515	0.97879	3.25277	99.1531
0.98525	0.97894	3.26072	99.1616
0.98535	0.97910	3.26870	99.1701
0.98545	0.97925	3.27681	99.1786
0.98556	0.97941	3.28495	99.1881
0.98566	0.97957	3.29322	99.1965
0.98576	0.97972	3.30152	99.2050
0.98586	0.97988	3.30991	99.2135
0.98596	0.98003	3.31839	99.2219
0.98606	0.98019	3.32695	99.2304
0.98616	0.98034	3.33567	99.2388
0.98626	0.98050	3.34441	99.2472
0.98636	0.98065	3.35320	99.2557
0.98646	0.98081	3.36213	99.2641
0.98657	0.98096	3.37117	99.2735
0.98667	0.98112	3.38030	99.2819
0.98677	0.98127	3.38947	99.2903
0.98687	0.98142	3.39881	99.2986
0.98697	0.98158	3.40818	99.3070
0.98707	0.98173	3.41773	99.3154
0.98717	0.98189	3.42732	99.3237
0.98727	0.98204	3.43702	99.3321
0.98737	0.98220	3.44684	99.3404
0.98747	0.98235	3.45677	99.3487
0.98758	0.98250	3.46681	99.3580
0.98768	0.98266	3.47697	99.3663
0.98778	0.98281	3.48726	99.3746
0.98788	0.98297	3.49767	99.3829
0.98798	0.98312	3.50813	99.3912
0.98808	0.98327	3.51880	99.3994
0.98818	0.98343	3.52952	99.4077
0.98828	0.98358	3.54038	99.4159
0.98838	0.98373	3.55145	99.4242
0.98848	0.98389	3.56259	99.4324
0.98859	0.98404	3.57386	99.4416
0.98869	0.98419	3.58529	99.4498
0.98879	0.98434	3.59678	99.4580
0.98889	0.98450	3.60851	99.4662
0.98899	0.98465	3.62039	99.4743
0.98909	0.98480	3.63234	99.4825
0.98919	0.98495	3.64454	99.4906
0.98929	0.98511	3.65683	99.4988
0.98939	0.98526	3.66929	99.5069
0.98949	0.98541	3.68191	99.5150
0.98960	0.98556	3.69472	99.5241
0.98970	0.98571	3.70770	99.5321
0.98980	0.98587	3.72088	99.5402
0.98990	0.98602	3.73415	99.5483
0.99000	0.98617	3.74771	99.5563
0.99009	0.98631	3.76001	99.5635
0.99018	0.98644	3.77247	99.5707
0.99027	0.98658	3.78511	99.5779
0.99036	0.98671	3.79791	99.5851
0.99045	0.98685	3.81089	99.5923
0.99055	0.98699	3.82406	99.6005
0.99064	0.98712	3.83730	99.6076
0.99073	0.98726	3.85084	99.6148
0.99082	0.98739	3.86447	99.6219
0.99091	0.98753	3.87840	99.6290
0.99100	0.98766	3.89242	99.6361
0.99109	0.98780	3.90666	99.6432
0.99118	0.98793	3.92111	99.6503
0.99127	0.98807	3.93577	99.6573
0.99136	0.98820	3.95055	99.6644
0.99145	0.98834	3.96566	99.6714
0.99155	0.98847	3.98101	99.6794
0.99164	0.98861	3.99649	99.6864
0.99173	0.98874	4.01221	99.6934
0.99182	0.98887	4.02818	99.7004
0.99191	0.98901	4.04442	99.7074
0.99200	0.98914	4.06092	99.7143
0.99209	0.98928	4.07769	99.7212
0.99218	0.98941	4.09475	99.7281
0.99227	0.98954	4.11196	99.7351
0.99236	0.98968	4.12947	99.7419
0.99245	0.98981	4.14742	99.7488
0.99255	0.98994	4.16555	99.7566
0.99264	0.99008	4.18401	99.7635
0.99273	0.99021	4.20280	99.7703
0.99282	0.99034	4.22178	99.7771
0.99291	0.99047	4.24127	99.7838
0.99300	0.99061	4.26097	99.7906
0.99309	0.99074	4.28104	99.7973
0.99318	0.99087	4.30150	99.8041
0.99327	0.99100	4.32235	99.8108
0.99336	0.99113	4.34362	99.8174
0.99345	0.99127	4.36532	99.8241
0.99355	0.99140	4.38729	99.8317
0.99364	0.99153	4.40989	99.8383
0.99373	0.99166	4.43278	99.8449
0.99382	0.99179	4.45616	99.8515
0.99391	0.99192	4.47986	99.8580
0.99400	0.99205	4.50426	99.8645
0.99409	0.99218	4.52920	99.8710
0.99418	0.99231	4.55451	99.8775
0.99427	0.99244	4.58040	99.8839
0.99436	0.99257	4.60689	99.8903
0.99445	0.99270	4.63380	99.8967
0.99455	0.99283	4.66156	99.9040
0.99464	0.99296	4.68979	99.9104
0.99473	0.99309	4.71871	99.9167
0.99482	0.99322	4.74836	99.9229
0.99491	0.99335	4.77878	99.9292
0.99500	0.99348	4.80999	99.9354
0.99509	0.99360	4.84179	99.9415
0.99518	0.99373	4.87445	99.9477
0.99527	0.99386	4.90801	99.9538
0.99536	0.99399	4.94251	99.9598
0.99545	0.99412	4.97774	99.9658
0.99555	0.99424	5.01399	99.9728
0.99564	0.99437	5.05132	99.9788
0.99573	0.99450	5.08979	99.9847
0.99582	0.99462	5.12947	99.9905
0.99591	0.99475	5.17009	99.9963
0.99600	0.99488	5.21204	100.0021
0.99609	0.99500	5.25538	100.0078
0.99618	0.99513	5.29985	100.0135
0.99627	0.99525	5.34586	100.0191
0.99636	0.99538	5.39352	100.0247
0.99645	0.99550	5.44293	100.0302
0.99655	0.99563	5.49378	100.0367
0.99664	0.99575	5.54660	100.0421
0.99673	0.99587	5.60152	100.0474
0.99682	0.99600	5.65868	100.0526
0.99691	0.99612	5.71777	100.0578
0.99700	0.99624	5.77941	100.0629
0.99709	0.99637	5.84326	100.0680
0.99718	0.99649	5.91004	100.0730
0.99727	0.99661	5.97999	100.0778
0.99736	0.99673	6.05277	100.0826
0.99745	0.99685	6.12988	100.0873
0.99755	0.99697	6.20971	100.0929
0.99764	0.99709	6.29460	100.0974
0.99773	0.99721	6.38282	100.1018
0.99782	0.99733	6.47702	100.1060
0.99791	0.99745	6.57618	100.1102
0.99800	0.99757	6.68172	100.1142
0.99809	0.99769	6.79341	100.1180
0.99818	0.99781	6.91193	100.1217
0.99827	0.99792	7.03919	100.1253
0.99836	0.99804	7.17638	100.1286
0.99845	0.99816	7.32363	100.1317
0.99855	0.99827	7.48377	100.1356
0.99864	0.99839	7.65734	100.1382
0.99873	0.99850	7.84649	100.1407
0.99882	0.99861	8.05586	100.1427
0.99891	0.99873	8.28738	100.1444
0.99900	0.99884	8.54561	100.1458
0.99901	0.99885	8.57276	100.1460
0.99902	0.99886	8.60026	100.1462
0.99903	0.99887	8.62811	100.1465
0.99904	0.99888	8.65891	100.1466
0.99905	0.99890	8.68754	100.1468
0.99905	0.99891	8.71655	100.1460
0.99906	0.99892	8.74595	100.1462
0.99907	0.99893	8.77575	100.1464
0.99908	0.99894	8.80596	100.1465
0.99909	0.99895	8.83659	100.1467
0.99910	0.99896	8.86765	100.1469
0.99911	0.99897	8.90204	100.1470
0.99912	0.99898	8.93404	100.1471
0.99913	0.99900	8.96651	100.1473
0.99914	0.99901	8.99945	100.1474
0.99915	0.99902	9.03288	100.1476
0.99915	0.99903	9.06681	100.1467
0.99916	0.99904	9.10126	100.1468
0.99917	0.99905	9.13624	100.1469
0.99918	0.99906	9.17177	100.1470
0.99919	0.99907	9.20785	100.1471
0.99920	0.99908	9.24451	100.1472
0.99921	0.99909	9.28176	100.1473
0.99922	0.99911	9.31962	100.1474
0.99923	0.99912	9.35810	100.1475
0.99924	0.99913	9.39723	100.1475
0.99925	0.99914	9.43702	100.1476
0.99925	0.99915	9.47750	100.1467
0.99926	0.99916	9.51867	100.1467
0.99927	0.99917	9.56058	100.1467
0.99928	0.99918	9.60323	100.1468
0.99929	0.99919	9.64665	100.1468
0.99930	0.99920	9.68682	100.1469
0.99931	0.99921	9.73178	100.1469
0.99932	0.99923	9.77760	100.1469
0.99933	0.99924	9.82428	100.1468
0.99934	0.99925	9.87188	100.1468
0.99935	0.99926	9.92041	100.1468
0.99935	0.99927	9.96991	100.1457
0.99936	0.99928	10.02041	100.1457
0.99937	0.99929	10.06722	100.1457
0.99938	0.99930	10.11974	100.1456
0.99939	0.99931	10.17337	100.1455
0.99940	0.99932	10.22816	100.1454
0.99941	0.99933	10.28415	100.1453
0.99942	0.99934	10.33613	100.1453
0.99943	0.99936	10.39455	100.1451
0.99944	0.99937	10.45430	100.1450
0.99945	0.99938	10.51546	100.1448
0.99945	0.99939	10.57232	100.1437
0.99946	0.99940	10.63631	100.1435
0.99947	0.99941	10.70188	100.1433
0.99948	0.99942	10.76291	100.1432
0.99949	0.99943	10.83169	100.1430
0.99950	0.99944	10.90227	100.1427
0.99951	0.99945	10.96805	100.1426
0.99952	0.99946	11.04228	100.1423
0.99953	0.99947	11.11857	100.1420
0.99954	0.99948	11.18978	100.1418
0.99955	0.99949	11.27027	100.1414
0.99955	0.99950	11.34549	100.1402
0.99956	0.99952	11.43061	100.1398
0.99957	0.99953	11.51834	100.1394
0.99958	0.99954	11.60049	100.1391
0.99959	0.99955	11.69362	100.1387
0.99960	0.99956	11.78093	100.1383
0.99961	0.99957	11.88007	100.1379
0.99962	0.99958	11.97317	100.1375
0.99963	0.99959	12.07903	100.1369
0.99964	0.99960	12.17860	100.1365
0.99965	0.99961	12.28153	100.1361
0.99965	0.99962	12.39890	100.1345
0.99966	0.99963	12.50959	100.1340
0.99967	0.99964	12.63606	100.1333
0.99968	0.99965	12.75559	100.1327
0.99969	0.99966	12.87979	100.1321
0.99970	0.99967	13.02217	100.1313
0.99971	0.99968	13.15725	100.1307
0.99972	0.99969	13.29811	100.1300
0.99973	0.99970	13.46028	100.1291
0.99974	0.99971	13.61482	100.1283
0.99975	0.99972	13.77670	100.1275
0.99975	0.99973	13.96403	100.1255
0.99976	0.99974	14.14352	100.1246
0.99977	0.99975	14.33260	100.1236
0.99978	0.99976	14.53223	100.1226
0.99979	0.99977	14.74346	100.1215
0.99980	0.99978	14.96754	100.1204
0.99981	0.99980	15.23059	100.1189
0.99982	0.99981	15.48659	100.1177
0.99983	0.99982	15.76073	100.1163
0.99984	0.99983	16.05537	100.1149
0.99985	0.99984	16.37336	100.1133
0.99985	0.99985	16.71814	100.1107
0.99986	0.99986	17.09393	100.1089
0.99987	0.99987	17.50597	100.1070
0.99988	0.99988	17.96085	100.1050
0.99989	0.99989	18.46703	100.1028